# Java Audiveris 5.11 HEADERS clef decisions, one line per staff.
# Produced by ClefProbe, which drives each sheet to HEADERS in-process.
#
# page <file> <sheet-interline>
# staff <id> <specific-interline> <header-start> <header-stop> <clef-stop> <shape> <grade> <symbol-x> <symbol-y> <symbol-w> <symbol-h> <glyph-x> <glyph-y> <glyph-w> <glyph-h> <glyph-weight>
page D0392410-1.256.png 20
staff 1 20 532 653 599 G_CLEF 0.7990632445959187 546 845 54 140 547 839 53 152 2222
staff 2 20 531 652 602 F_CLEF 0.7898879801515098 548 1098 55 72 547 1102 55 64 1002
staff 3 20 282 345 345 G_CLEF 0.7990881400856145 292 1393 54 140 293 1387 54 153 2459
staff 4 20 282 345 346 F_CLEF 0.7979558126569736 292 1647 55 72 290 1651 56 65 895
staff 5 20 279 351 344 G_CLEF 0.7991463626888022 291 1941 54 140 292 1935 53 153 2464
staff 6 20 274 346 341 G_CLEF 0.7993415263692221 288 2205 54 140 290 2199 53 153 2381
staff 7 20 271 343 345 F_CLEF 0.7975535482669025 291 2476 55 72 289 2480 55 65 1109
staff 8 20 271 345 340 G_CLEF 0.7994211681817354 287 2780 54 140 288 2773 53 154 2479
staff 9 20 270 344 339 G_CLEF 0.7986726167421877 286 3045 54 140 288 3039 53 153 2227
staff 10 20 269 343 344 F_CLEF 0.7764712331816771 290 3319 55 72 289 3324 55 63 960
page allegretto.png 21
staff 1 21 332 487 395 G_CLEF 0.7992044597372971 340 385 56 148 340 378 60 163 2830
staff 2 21 333 488 397 G_CLEF 0.7992086258962291 342 631 56 148 341 624 61 162 2843
staff 3 21 212 330 274 G_CLEF 0.7953499622976353 219 971 56 148 219 965 60 161 2879
staff 4 21 213 331 279 G_CLEF 0.7988882242485763 224 1220 56 148 223 1213 61 162 2837
staff 5 21 215 333 278 G_CLEF 0.7968375537981273 223 1560 56 148 218 1553 66 163 2924
staff 6 21 216 334 280 G_CLEF 0.799142293137697 225 1807 56 148 225 1800 60 162 2832
page batuque.png 21
staff 1 21 201 314 264 G_CLEF 0.7989512141269625 209 293 56 148 208 285 60 164 2937
staff 2 21 201 314 268 G_CLEF_8VB 0.7723538499361808 213 538 56 166 211 527 60 188 3276
staff 3 21 78 141 141 G_CLEF 0.7992390817288854 86 870 56 148 86 862 59 164 2944
staff 4 21 77 140 140 G_CLEF_8VB 0.7713673370647334 85 1116 56 166 84 1105 60 188 3196
staff 5 21 77 144 142 G_CLEF 0.7993963144598052 87 1446 56 148 86 1439 60 163 2951
staff 6 21 76 143 143 G_CLEF_8VB 0.7555913489902264 88 1700 56 166 87 1691 60 184 3194
page carmen.png 21
staff 1 21 288 419 348 G_CLEF 0.7973020967797164 293 410 56 148 293 402 60 164 3010
staff 2 21 289 420 349 G_CLEF 0.7981475109467548 294 676 56 148 294 668 60 164 2924
staff 3 21 168 261 229 G_CLEF 0.7974570510496184 174 1021 56 148 174 1013 60 164 2986
staff 4 21 170 263 232 G_CLEF 0.7978512893294492 177 1288 56 148 173 1282 64 161 2958
staff 5 21 171 265 235 G_CLEF 0.7938665833986086 180 1630 56 148 180 1624 60 161 2943
staff 6 21 172 266 235 G_CLEF 0.7991933110223784 180 1899 56 148 180 1891 60 165 2877
staff 7 21 173 293 239 G_CLEF 0.7990278007076377 184 2242 56 148 183 2233 61 166 3132
staff 8 21 173 293 237 G_CLEF 0.789028683060373 182 2511 56 148 176 2502 67 166 3337
staff 9 21 175 295 241 G_CLEF 0.7990846563375043 186 2852 56 148 185 2846 61 161 3141
staff 10 21 175 295 240 G_CLEF 0.7987373941266972 185 3121 56 148 184 3114 61 162 3129
page chula.png 21
staff 1 21 203 363 266 G_CLEF 0.7989717365087452 211 319 56 148 211 312 58 162 2597
staff 2 21 202 362 265 G_CLEF 0.7990547927832834 210 561 56 148 210 554 59 162 2649
staff 3 21 89 204 148 G_CLEF 0.798312407754076 93 901 56 148 95 895 56 161 2435
staff 4 21 87 202 148 G_CLEF 0.7987907423323313 93 1150 56 148 94 1143 56 162 2421
staff 5 21 84 198 147 G_CLEF 0.7984244900785001 92 1489 56 148 93 1482 57 162 2509
staff 6 21 83 197 144 G_CLEF 0.7987710813411991 89 1734 56 148 91 1727 56 162 2515
page cucaracha.png 21
staff 1 21 274 390 341 G_CLEF 0.79804606415904 286 334 56 148 285 327 61 163 3249
staff 2 21 275 391 341 G_CLEF 0.7991186836892654 286 580 56 148 285 573 60 162 2998
staff 3 21 154 224 222 G_CLEF 0.7980470265452411 167 922 56 148 167 915 60 162 3076
staff 4 21 156 226 226 G_CLEF 0.7975670862136061 171 1167 56 148 170 1160 60 162 3126
staff 5 21 157 226 226 G_CLEF 0.7964852451183515 171 1509 56 148 170 1502 60 163 3052
staff 6 21 158 227 226 G_CLEF 0.7975264762665595 171 1756 56 148 171 1749 60 162 3110
page hove.png 20
staff 1 20 192 323 253 G_CLEF 0.7866158656720312 200 396 54 140 202 395 52 142 2812
staff 2 20 194 256 256 G_CLEF 0.7991576849483352 203 727 54 140 205 728 52 139 2522
staff 3 20 194 256 256 G_CLEF 0.7985615109111465 203 1057 54 140 206 1057 51 140 2542
staff 4 20 196 259 259 G_CLEF 0.7945649488471472 206 1386 54 140 209 1386 51 140 2604
staff 5 20 198 261 261 G_CLEF 0.7985074483119694 208 1718 54 140 211 1719 51 139 2487
page zizi.png 21
staff 1 21 231 338 293 G_CLEF 0.7967680976573689 238 232 56 148 238 224 60 165 2771
staff 2 21 230 337 293 G_CLEF 0.7994215692012003 238 486 56 148 238 479 59 162 2691
staff 3 21 110 174 173 G_CLEF 0.7990952017760621 118 825 56 148 118 819 58 161 2588
staff 4 21 107 171 171 G_CLEF 0.7989970474904631 116 1073 56 148 116 1066 58 163 2633
page BachInvention5.jpg 17
staff 1 17 196 366 247 G_CLEF 0.7991083999405529 202 353 46 119 205 349 43 129 2160
staff 2 17 194 364 249 F_CLEF 0.796873131861035 203 519 47 61 204 522 45 55 906
staff 3 17 50 170 100 G_CLEF 0.7987561196213027 55 710 46 119 58 706 43 128 2170
staff 4 17 48 168 102 F_CLEF 0.7946486556500703 56 887 47 61 57 890 45 55 882
staff 5 17 48 171 99 G_CLEF 0.798532846043692 54 1077 46 119 56 1072 44 130 2221
staff 6 17 50 173 104 F_CLEF 0.7958192985029853 58 1235 47 61 59 1238 45 55 911
staff 7 17 48 170 99 G_CLEF 0.7987213964984663 54 1424 46 119 55 1420 45 129 2277
staff 8 17 46 168 100 F_CLEF 0.7963163733940047 54 1606 47 61 55 1609 46 55 936
staff 9 17 46 167 97 G_CLEF 0.7977560050566355 52 1795 46 119 55 1791 43 129 2268
staff 10 17 47 168 100 F_CLEF 0.7973694571379256 54 1953 47 61 55 1955 45 56 913
staff 11 17 47 166 98 G_CLEF 0.7972967069707635 53 2140 46 119 55 2137 44 127 2317
staff 12 17 48 167 101 F_CLEF 0.7989303406039038 55 2323 47 61 56 2326 45 55 930
