# Java Audiveris 5.11 (JDK 25) LinesRetriever.completeLines output.
#
# Captured from a live GRID run via a temporary probe on StaffFilament's
# getStartPoint/getStopPoint, read immediately after the final fillHoles, plus
# staff.getAbscissa(LEFT/RIGHT) at the same instant. Not from sheet#N.xml:
# those points are run through StaffLine.simplifyPoints and one-decimal
# rounding afterwards, which shifts every ordinate by about half a pixel.
#
# page <file>
# staff <id> <left> <right>
# line <staff-id> <start-x> <start-y> <stop-x> <stop-y>
page D0392410-1.256.png
staff 1 531 2780
line 1 531.000000 875.486535 2780.000000 869.494672
line 1 531.000000 895.912612 2780.000000 888.758344
line 1 531.000000 914.902676 2780.000000 908.883536
line 1 531.000000 935.156639 2780.000000 928.874413
line 1 531.000000 954.788131 2780.000000 949.517068
staff 2 530 2780
line 2 530.000000 1103.173237 2780.000000 1099.103525
line 2 530.000000 1123.175086 2780.000000 1119.060859
line 2 530.000000 1143.272504 2780.000000 1138.245532
line 2 530.000000 1163.005563 2780.000000 1158.889218
line 2 530.000000 1182.935106 2780.000000 1178.945595
staff 3 281 2777
line 3 281.000000 1425.784914 2777.000000 1420.031028
line 3 281.000000 1445.532058 2777.000000 1440.097820
line 3 281.000000 1466.002478 2777.000000 1459.804836
line 3 281.000000 1485.818122 2777.000000 1479.995334
line 3 281.000000 1505.145155 2777.000000 1499.409467
staff 4 281 2776
line 4 281.000000 1652.483988 2776.000000 1649.416145
line 4 281.000000 1673.037334 2776.000000 1668.996761
line 4 281.000000 1693.000000 2776.000000 1688.959724
line 4 281.000000 1712.910577 2776.000000 1709.202910
line 4 281.000000 1732.696348 2776.000000 1729.304348
staff 5 278 2776
line 5 278.000000 1976.881675 2776.000000 1977.304856
line 5 278.000000 1996.828098 2776.000000 1997.222538
line 5 278.000000 2016.799421 2776.000000 2017.522028
line 5 278.000000 2036.787434 2776.000000 2037.343525
line 5 278.000000 2056.249499 2776.000000 2057.501504
staff 6 273 2774
line 6 273.000000 2242.954591 2774.000000 2240.190476
line 6 273.000000 2263.001338 2774.000000 2259.653834
line 6 273.000000 2283.287015 2774.000000 2280.034414
line 6 273.000000 2303.453136 2774.000000 2299.643908
line 6 273.000000 2322.935451 2774.000000 2320.304503
staff 7 270 2771
line 7 270.000000 2482.313102 2771.000000 2480.806487
line 7 270.000000 2502.470413 2771.000000 2500.391304
line 7 270.000000 2522.200423 2771.000000 2521.142011
line 7 270.000000 2541.517332 2771.000000 2541.290141
line 7 270.000000 2562.000000 2771.000000 2560.919568
staff 8 270 2773
line 8 270.000000 2815.763485 2773.000000 2811.809340
line 8 270.000000 2835.906398 2773.000000 2831.810864
line 8 270.000000 2855.820836 2773.000000 2852.498673
line 8 270.000000 2876.384615 2773.000000 2872.373397
line 8 270.000000 2896.168277 2773.000000 2892.136414
staff 9 269 2774
line 9 269.000000 3076.412261 2774.000000 3072.441274
line 9 269.000000 3096.251644 2774.000000 3092.134644
line 9 269.000000 3116.001437 2774.000000 3112.401939
line 9 269.000000 3136.582637 2774.000000 3131.961132
line 9 269.000000 3156.818895 2774.000000 3151.708165
staff 10 268 2772
line 10 268.000000 3325.138593 2772.000000 3318.552925
line 10 268.000000 3346.406509 2772.000000 3338.257615
line 10 268.000000 3365.131903 2772.000000 3357.944259
line 10 268.000000 3385.111140 2772.000000 3377.772284
line 10 268.000000 3405.256115 2772.000000 3397.600000
page allegretto.png
staff 1 331 2439
line 1 331.000000 416.938304 2439.000000 410.994361
line 1 331.000000 438.002376 2439.000000 432.992871
line 1 331.000000 459.502528 2439.000000 454.174235
line 1 331.000000 481.002406 2439.000000 475.930672
line 1 331.000000 501.937717 2439.000000 497.230828
staff 2 332 2442
line 2 332.000000 661.117647 2442.000000 657.406488
line 2 332.000000 683.001899 2442.000000 678.994302
line 2 332.000000 704.502060 2442.000000 700.155110
line 2 332.000000 726.272298 2442.000000 721.993917
line 2 332.000000 747.503547 2442.000000 743.761159
staff 3 211 2445
line 3 211.000000 1003.500000 2445.000000 998.493277
line 3 211.000000 1025.502495 2445.000000 1019.927998
line 3 211.000000 1046.558047 2445.000000 1040.992526
line 3 211.000000 1067.848355 2445.000000 1062.931082
line 3 211.000000 1089.001938 2445.000000 1084.672595
staff 4 212 2447
line 4 212.000000 1250.501774 2447.000000 1246.536993
line 4 212.000000 1272.502016 2447.000000 1267.995968
line 4 212.000000 1294.002240 2447.000000 1288.995520
line 4 212.000000 1315.062844 2447.000000 1310.060039
line 4 212.000000 1336.502435 2447.000000 1331.059646
staff 5 214 2449
line 5 214.000000 1590.066337 2449.000000 1585.996358
line 5 214.000000 1611.502016 2449.000000 1606.995968
line 5 214.000000 1633.045290 2449.000000 1628.996377
line 5 214.000000 1655.930715 2449.000000 1651.140714
line 5 214.000000 1677.502165 2449.000000 1672.664502
staff 6 215 2451
line 6 215.000000 1837.623691 2451.000000 1832.995861
line 6 215.000000 1859.502015 2451.000000 1854.995970
line 6 215.000000 1880.638399 2451.000000 1876.086838
line 6 215.000000 1901.830245 2451.000000 1898.087561
line 6 215.000000 1923.424118 2451.000000 1919.996935
page batuque.png
staff 1 200 2314
line 1 200.000000 324.494590 2314.000000 335.931813
line 1 200.000000 345.869483 2314.000000 357.533104
line 1 200.000000 367.494580 2314.000000 378.952520
line 1 200.000000 388.494492 2314.000000 400.137713
line 1 200.000000 409.455825 2314.000000 421.534281
staff 2 200 2314
line 2 200.000000 567.572815 2314.000000 580.536795
line 2 200.000000 589.493830 2314.000000 602.537019
line 2 200.000000 610.723225 2314.000000 624.473810
line 2 200.000000 632.455350 2314.000000 645.537129
line 2 200.000000 653.493765 2314.000000 666.673771
staff 3 77 2317
line 3 77.000000 901.372513 2317.000000 914.511731
line 3 77.000000 922.494189 2317.000000 935.511623
line 3 77.000000 944.494636 2317.000000 956.510729
line 3 77.000000 965.494189 2317.000000 978.511623
line 3 77.000000 987.494600 2317.000000 999.589747
staff 4 76 2317
line 4 76.000000 1144.494638 2317.000000 1156.510724
line 4 76.000000 1165.372962 2317.000000 1177.510833
line 4 76.000000 1187.494692 2317.000000 1199.388994
line 4 76.000000 1208.488930 2317.000000 1220.893423
line 4 76.000000 1229.488412 2317.000000 1242.473127
staff 5 76 2317
line 5 76.000000 1478.494191 2317.000000 1491.511618
line 5 76.000000 1499.494189 2317.000000 1512.517434
line 5 76.000000 1520.493789 2317.000000 1534.412422
line 5 76.000000 1541.578947 2317.000000 1555.512435
line 5 76.000000 1562.493700 2317.000000 1576.612601
staff 6 75 2317
line 6 75.000000 1728.993328 2317.000000 1743.950843
line 6 75.000000 1750.493298 2317.000000 1765.520107
line 6 75.000000 1771.821758 2317.000000 1787.097363
line 6 75.000000 1793.215662 2317.000000 1807.924444
line 6 75.000000 1814.493427 2317.000000 1829.230246
page carmen.png
staff 1 287 2398
line 1 287.000000 443.497627 2398.000000 446.002373
line 1 287.000000 464.497686 2398.000000 466.939814
line 1 287.000000 486.283612 2398.000000 488.502102
line 1 287.000000 507.497627 2398.000000 510.002373
line 1 287.000000 528.535734 2398.000000 531.414492
staff 2 288 2399
line 2 288.000000 707.495859 2399.000000 711.866210
line 2 288.000000 728.497899 2399.000000 732.932773
line 2 288.000000 750.498102 2399.000000 754.503795
line 2 288.000000 772.152022 2399.000000 776.003649
line 2 288.000000 793.496433 2399.000000 797.261632
staff 3 167 2402
line 3 167.000000 1052.498208 2402.000000 1056.503584
line 3 167.000000 1074.498513 2402.000000 1077.821155
line 3 167.000000 1095.496699 2402.000000 1099.185119
line 3 167.000000 1117.497312 2402.000000 1120.501344
line 3 167.000000 1138.497162 2402.000000 1141.668085
staff 4 169 2404
line 4 169.000000 1319.933634 2404.000000 1324.068216
line 4 169.000000 1340.536336 2404.000000 1345.287840
line 4 169.000000 1362.312125 2404.000000 1366.238808
line 4 169.000000 1382.497760 2404.000000 1387.504480
line 4 169.000000 1404.496380 2404.000000 1408.542082
staff 5 170 2405
line 5 170.000000 1663.776558 2405.000000 1666.502439
line 5 170.000000 1685.498909 2405.000000 1687.937666
line 5 170.000000 1706.498851 2405.000000 1709.066814
line 5 170.000000 1727.460120 2405.000000 1730.631409
line 5 170.000000 1748.498433 2405.000000 1752.001567
staff 6 171 2406
line 6 171.000000 1930.500000 2406.000000 1934.503583
line 6 171.000000 1951.538462 2406.000000 1956.001997
line 6 171.000000 1973.498225 2406.000000 1977.465088
line 6 171.000000 1994.498191 2406.000000 1998.542080
line 6 171.000000 2016.498208 2406.000000 2020.503584
staff 7 172 2408
line 7 172.000000 2271.497367 2408.000000 2277.383643
line 7 172.000000 2293.497778 2408.000000 2298.465982
line 7 172.000000 2315.497985 2408.000000 2320.004030
line 7 172.000000 2337.498244 2408.000000 2341.424565
line 7 172.000000 2359.498657 2408.000000 2362.502687
staff 8 172 2409
line 8 172.000000 2541.497313 2409.000000 2544.502687
line 8 172.000000 2562.496919 2409.000000 2565.942474
line 8 172.000000 2583.496417 2409.000000 2587.503583
line 8 172.000000 2605.497204 2409.000000 2608.624418
line 8 172.000000 2628.417203 2409.000000 2631.504140
staff 9 174 2410
line 9 174.000000 2884.498432 2410.000000 2888.004704
line 9 174.000000 2905.498209 2410.000000 2909.503583
line 9 174.000000 2926.483328 2410.000000 2930.625326
line 9 174.000000 2947.498209 2410.000000 2951.503583
line 9 174.000000 2968.418796 2410.000000 2973.463795
staff 10 174 2412
line 10 174.000000 3152.497987 2412.000000 3157.004027
line 10 174.000000 3173.497727 2412.000000 3178.585768
line 10 174.000000 3195.496158 2412.000000 3199.795237
line 10 174.000000 3217.496419 2412.000000 3221.503581
line 10 174.000000 3237.495522 2412.000000 3242.506717
page chula.png
staff 1 202 2326
line 1 202.000000 350.487730 2326.000000 363.518405
line 1 202.000000 371.993979 2326.000000 384.782769
line 1 202.000000 392.913612 2326.000000 406.480701
line 1 202.000000 413.926877 2326.000000 427.640992
line 1 202.000000 435.868576 2326.000000 449.512848
staff 2 201 2324
line 2 201.000000 592.167367 2324.000000 607.507226
line 2 201.000000 613.454427 2324.000000 628.552685
line 2 201.000000 634.485313 2324.000000 650.075293
line 2 201.000000 656.059551 2324.000000 671.476062
line 2 201.000000 677.478642 2324.000000 692.593186
staff 3 88 2324
line 3 88.000000 934.056977 2324.000000 950.915079
line 3 88.000000 954.992387 2324.000000 972.015226
line 3 88.000000 976.492582 2324.000000 993.079352
line 3 88.000000 997.492163 2324.000000 1015.015674
line 3 88.000000 1018.939394 2324.000000 1036.515721
staff 4 86 2324
line 4 86.000000 1180.605765 2324.000000 1198.349190
line 4 86.000000 1201.992135 2324.000000 1219.594678
line 4 86.000000 1223.484746 2324.000000 1240.553715
line 4 86.000000 1244.492298 2324.000000 1261.729690
line 4 86.000000 1265.992394 2324.000000 1283.015213
staff 5 83 2323
line 5 83.000000 1520.363650 2323.000000 1537.788285
line 5 83.000000 1541.927889 2323.000000 1558.941116
line 5 83.000000 1563.453918 2323.000000 1580.522860
line 5 83.000000 1584.530656 2323.000000 1602.015612
line 5 83.000000 1606.492527 2323.000000 1623.231161
staff 6 82 2322
line 6 82.000000 1764.927373 2322.000000 1783.096222
line 6 82.000000 1786.453405 2322.000000 1804.671439
line 6 82.000000 1807.769665 2322.000000 1825.942151
line 6 82.000000 1828.591551 2322.000000 1847.516898
line 6 82.000000 1849.926948 2322.000000 1869.046445
page cucaracha.png
staff 1 273 2394
line 1 273.000000 366.500000 2394.000000 365.620793
line 1 273.000000 387.500559 2394.000000 386.908253
line 1 273.000000 409.500870 2394.000000 408.578077
line 1 273.000000 430.500742 2394.000000 429.713543
line 1 273.000000 451.578985 2394.000000 451.499925
staff 2 274 2396
line 2 274.000000 611.499528 2396.000000 612.500944
line 2 274.000000 632.498641 2396.000000 633.940753
line 2 274.000000 653.499471 2396.000000 654.622680
line 2 274.000000 674.498793 2396.000000 675.778984
line 2 274.000000 696.499056 2396.000000 697.500944
staff 3 153 2397
line 3 153.000000 952.499250 2397.000000 954.183319
line 3 153.000000 974.499386 2397.000000 975.876842
line 3 153.000000 997.285172 2397.000000 998.501626
line 3 153.000000 1017.952798 2397.000000 1019.501380
line 3 153.000000 1039.461075 2397.000000 1040.500927
staff 4 155 2398
line 4 155.000000 1199.499107 2398.000000 1201.502680
line 4 155.000000 1221.499458 2398.000000 1222.715913
line 4 155.000000 1242.499278 2398.000000 1244.119815
line 4 155.000000 1263.498213 2398.000000 1265.502681
line 4 155.000000 1285.460576 2398.000000 1286.539905
staff 5 156 2397
line 5 156.000000 1541.500447 2397.000000 1540.499106
line 5 156.000000 1562.500332 2397.000000 1561.756912
line 5 156.000000 1584.500447 2397.000000 1583.499106
line 5 156.000000 1605.500894 2397.000000 1604.499106
line 5 156.000000 1627.500894 2397.000000 1626.499106
staff 6 157 2398
line 6 157.000000 1787.499553 2398.000000 1788.500894
line 6 157.000000 1809.270168 2398.000000 1809.500205
line 6 157.000000 1830.500000 2398.000000 1830.500000
line 6 157.000000 1851.500000 2398.000000 1851.500000
line 6 157.000000 1872.499144 2398.000000 1873.457999
page hove.png
staff 1 192 2428
line 1 192.000000 425.999943 2428.000000 416.051174
line 1 192.000000 446.125000 2428.000000 437.526926
line 1 192.000000 466.929951 2428.000000 458.488681
line 1 192.000000 487.741935 2428.000000 478.491726
line 1 192.000000 508.004509 2428.000000 497.921956
staff 2 194 2432
line 2 194.000000 756.900000 2432.000000 745.762849
line 2 194.000000 777.000000 2432.000000 767.365463
line 2 194.000000 797.244810 2432.000000 787.486930
line 2 194.000000 817.031029 2432.000000 808.223493
line 2 194.000000 837.004271 2432.000000 827.446648
staff 3 194 2435
line 3 194.000000 1085.962963 2435.000000 1077.989326
line 3 194.000000 1105.931034 2435.000000 1098.990709
line 3 194.000000 1127.650218 2435.000000 1120.569468
line 3 194.000000 1146.806452 2435.000000 1140.369762
line 3 194.000000 1167.261210 2435.000000 1160.212787
staff 4 196 2437
line 4 196.000000 1415.411765 2437.000000 1409.229777
line 4 196.000000 1435.891940 2437.000000 1429.054504
line 4 196.000000 1456.846154 2437.000000 1450.058458
line 4 196.000000 1477.560000 2437.000000 1470.869029
line 4 196.000000 1498.966626 2437.000000 1490.757379
staff 5 198 2436
line 5 198.000000 1746.966636 2436.000000 1741.184515
line 5 198.000000 1767.083314 2436.000000 1761.083923
line 5 198.000000 1787.551724 2436.000000 1781.483732
line 5 198.000000 1807.934337 2436.000000 1801.482703
line 5 198.000000 1827.767682 2436.000000 1821.107143
page zizi.png
staff 1 230 2356
line 1 230.000000 263.850937 2356.000000 289.430313
line 1 230.000000 285.911800 2356.000000 311.088200
line 1 230.000000 307.488019 2356.000000 332.959446
line 1 230.000000 328.908128 2356.000000 354.148745
line 1 230.000000 350.488019 2356.000000 375.959446
staff 2 229 2354
line 2 229.000000 515.610103 2354.000000 540.087554
line 2 229.000000 536.988690 2354.000000 561.022620
line 2 229.000000 558.059740 2354.000000 582.898378
line 2 229.000000 579.665872 2354.000000 604.204914
line 2 229.000000 601.409464 2354.000000 626.034765
staff 3 109 2350
line 3 109.000000 856.052434 2350.000000 883.129428
line 3 109.000000 877.923438 2350.000000 904.918829
line 3 109.000000 899.059325 2350.000000 926.184208
line 3 109.000000 919.907519 2350.000000 947.877443
line 3 109.000000 940.818182 2350.000000 968.863631
staff 4 106 2348
line 4 106.000000 1103.595873 2348.000000 1132.460532
line 4 106.000000 1125.209447 2348.000000 1153.851638
line 4 106.000000 1146.517345 2348.000000 1175.116421
line 4 106.000000 1167.566201 2348.000000 1196.143502
line 4 106.000000 1189.449234 2348.000000 1217.036915
page BachInvention5.jpg
staff 1 195 1916
line 1 195.000000 382.451585 1916.000000 382.500141
line 1 195.000000 398.762101 1916.000000 398.593358
line 1 195.000000 415.566687 1916.000000 415.531167
line 1 195.000000 431.866755 1916.000000 431.713931
line 1 195.000000 449.143203 1916.000000 448.547348
staff 2 193 1919
line 2 193.000000 524.389923 1919.000000 523.497415
line 2 193.000000 540.965166 1919.000000 540.205135
line 2 193.000000 557.567854 1919.000000 556.543080
line 2 193.000000 574.655844 1919.000000 573.497315
line 2 193.000000 591.354581 1919.000000 589.939578
staff 3 49 1923
line 3 49.000000 739.134676 1923.000000 736.618286
line 3 49.000000 755.518295 1923.000000 753.543117
line 3 49.000000 772.065354 1923.000000 770.495812
line 3 49.000000 788.960896 1923.000000 787.281233
line 3 49.000000 805.303555 1923.000000 804.320482
staff 4 47 1923
line 4 47.000000 892.332620 1923.000000 893.001426
line 4 47.000000 908.852071 1923.000000 909.668407
line 4 47.000000 925.574234 1923.000000 927.003047
line 4 47.000000 942.529758 1923.000000 943.928909
line 4 47.000000 958.591175 1923.000000 961.006437
staff 5 47 1924
line 5 47.000000 1105.586207 1924.000000 1110.521033
line 5 47.000000 1122.294512 1924.000000 1127.522281
line 5 47.000000 1139.215693 1924.000000 1144.953438
line 5 47.000000 1155.696107 1924.000000 1163.003893
line 5 47.000000 1172.465369 1924.000000 1178.811588
staff 6 49 1918
line 6 49.000000 1240.056832 1918.000000 1247.110191
line 6 49.000000 1256.800352 1918.000000 1262.500000
line 6 49.000000 1273.416622 1918.000000 1280.538103
line 6 49.000000 1290.051020 1918.000000 1299.009586
line 6 49.000000 1306.562390 1918.000000 1315.009039
staff 7 47 1915
line 7 47.000000 1452.861875 1915.000000 1461.812269
line 7 47.000000 1469.788161 1915.000000 1479.019768
line 7 47.000000 1486.419276 1915.000000 1495.697287
line 7 47.000000 1503.209076 1915.000000 1512.940839
line 7 47.000000 1519.909091 1915.000000 1529.754415
staff 8 45 1915
line 8 45.000000 1611.087580 1915.000000 1622.624678
line 8 45.000000 1627.967504 1915.000000 1639.524721
line 8 45.000000 1644.539230 1915.000000 1656.178744
line 8 45.000000 1661.448355 1915.000000 1673.024762
line 8 45.000000 1677.861916 1915.000000 1690.026019
staff 9 45 1911
line 9 45.000000 1824.477149 1911.000000 1837.020166
line 9 45.000000 1841.348065 1911.000000 1853.987093
line 9 45.000000 1857.779824 1911.000000 1870.169416
line 9 45.000000 1874.186663 1911.000000 1887.034426
line 9 45.000000 1890.663759 1911.000000 1903.409152
staff 10 46 1908
line 10 46.000000 1957.564567 1908.000000 1970.340584
line 10 46.000000 1974.174916 1908.000000 1987.027611
line 10 46.000000 1990.793037 1908.000000 2003.758622
line 10 46.000000 2007.541518 1908.000000 2020.331824
line 10 46.000000 2024.221539 1908.000000 2037.027510
staff 11 46 1907
line 11 46.000000 2169.965242 1907.000000 2184.353507
line 11 46.000000 2186.725706 1907.000000 2200.919397
line 11 46.000000 2203.345328 1907.000000 2218.031566
line 11 46.000000 2219.691800 1907.000000 2234.952802
line 11 46.000000 2236.554948 1907.000000 2251.890104
staff 12 47 1906
line 12 47.000000 2327.917029 1906.000000 2344.456641
line 12 47.000000 2344.373595 1906.000000 2360.654078
line 12 47.000000 2361.108973 1906.000000 2377.234698
line 12 47.000000 2377.506405 1906.000000 2393.765954
line 12 47.000000 2394.415567 1906.000000 2410.543378
