# Java Audiveris 5.11 (JDK 25) BarsRetriever output: surviving barline
# abscissae per staff, read from each StaffProjector's peak list after the
# full BarsRetriever.process, brace peaks excluded. Values are peak starts.
#
# page <file>
# staff <id> <start>...
page D0392410-1.256.png
staff 1 529 1148 1772 2289 2779
staff 2 528 1147 1771 2288 2779
staff 3 279 994 1657 2231 2777
staff 4 279 993 1656 2229 2775
staff 5 276 968 1514 2125 2775
staff 6 268 966 1511 2121 2774
staff 7 267 964 1507 2117 2770
staff 8 268 966 1475 1487 2130 2773
staff 9 268 963 1472 1484 2126 2773
staff 10 266 961 1468 1479 2122 2772
page allegretto.png
staff 1 328 794 1072 1359 1693 2070 2438
staff 2 329 796 1074 1361 1696 2073 2441
staff 3 208 773 1218 1280 1587 2016 2444
staff 4 209 775 1220 1283 1589 2018 2446
staff 5 211 695 1057 1396 1752 2137 2438 2448
staff 6 213 696 1058 1398 1754 2139 2440 2450
page batuque.png
staff 1 197 567 683 804 1058 1169 1289 1301 1319 1802 2301 2309
staff 2 197 567 683 804 1058 1169 1289 1300 1319 1802 2301 2309
staff 3 74 163 181 562 961 970 988 1416 1842 1853 1870 2316
staff 4 73 162 181 561 961 969 988 1416 1842 1853 1870 2316
staff 5 73 609 617 1065 1515 1954 2306 2316
staff 6 72 608 617 1065 1514 1954 2306 2316
page carmen.png
staff 1 284 911 1412 1902 2385 2397
staff 2 285 911 1413 1903 2386 2399
staff 3 164 276 295 854 1374 1895 2401
staff 4 166 277 297 855 1375 1897 2403
staff 5 167 674 1058 1460 1473 1872 1882 2274 2404
staff 6 168 674 1058 1461 1473 1873 1883 2275 2405
staff 7 168 558 710 976 1130 1583 1996 2407
staff 8 169 558 710 977 1131 1583 1996 2408
staff 9 171 698 1148 1572 1838 1997 2260 2409
staff 10 171 699 1148 1572 1837 1997 2258 2411
page chula.png
staff 1 200 464 831 1173 1362 1544 1803 1812 1828 1961 2324
staff 2 199 463 831 1173 1362 1544 1803 1812 1827 1961 2323
staff 3 85 557 984 1281 1291 1451 1901 2323
staff 4 84 556 984 1281 1290 1450 1900 2323
staff 5 81 412 459 606 976 1343 1667 2032 2310 2322
staff 6 80 412 459 606 975 1343 1666 2032 2310 2321
page cucaracha.png
staff 1 269 821 1179 1611 1974 2393
staff 2 271 822 1181 1612 1975 2395
staff 3 150 555 940 1316 1675 2008 2396
staff 4 152 555 941 1317 1676 2008 2397
staff 5 153 672 1120 1519 1989 2383 2396
staff 6 154 673 1121 1520 1990 2384 2397
page hove.png
staff 1 1020 1708 2427
staff 2 771 1312 1856 2430
staff 3 939 1712 2433
staff 4 984 1694 2436
staff 5 986 1696 2422 2431
page zizi.png
staff 1 228 847 1355 1869 2355
staff 2 226 845 1353 1866 2353
staff 3 106 708 1242 1777 2339 2349
staff 4 104 706 1240 1775 2337 2347
page BachInvention5.jpg
staff 1 191 1097 1913
staff 2 190 1096 1916
staff 3 46 753 1159 1324 1919
staff 4 44 753 1158 1322 1920
staff 5 44 760 1341
staff 6 46 761 1339
staff 7 43 763 1319 1912
staff 8 41 762 1320 1912
staff 9 42 746 1318 1908
staff 10 42 744 1319 1905
staff 11 43 732 1314 1904
staff 12 43 730 1314 1903
