# Java Audiveris 5.11 final LEDGERS survivors on chula.png#1.
#
# ledger <system> <staff> <index> <x1> <y1> <x2> <y2> <thickness> <grade>
#        <MinTh> <MaxTh> <Length> <Convex> <Straight> <LPitch> <RPitch>
ledger 3 6 -1 1002.000000000 1754.277026383 1051.000000000 1754.615344319 3.081632653 0.750404251 0.586977648 0.987906274 1.000000000 1.000000000 0.861519113 0.902681275 0.856651624
ledger 3 6 -1 747.000000000 1751.897062752 793.000000000 1752.288811573 2.173913043 0.656936499 0.414078675 1.000000000 1.000000000 0.600000000 0.899148921 0.926559203 0.873260044
ledger 3 6 -1 314.000000000 1747.977536598 359.000000000 1748.010853104 1.977777778 0.740577747 0.376719577 1.000000000 1.000000000 1.000000000 0.920654977 0.920558909 0.916026051
ledger 3 6 -1 497.000000000 1749.374224451 542.000000000 1749.554636985 2.977777778 0.756342492 0.567195767 1.000000000 1.000000000 1.000000000 0.866742175 0.963145096 0.938599173
ledger 3 6 -1 1692.000000000 1759.328251996 1736.000000000 1759.940054434 3.204545455 0.754064016 0.610389610 0.969696970 1.000000000 1.000000000 0.854133673 0.949090247 0.865851820
ledger 3 6 -1 683.000000000 1750.737986284 723.000000000 1751.102821920 2.125000000 0.662929957 0.404761905 1.000000000 1.000000000 0.600000000 0.906411862 0.996432733 0.953929765
ledger 3 6 -1 635.000000000 1750.402949797 671.000000000 1750.776539514 3.055555556 0.758045431 0.582010582 0.991769547 1.000000000 1.000000000 0.861499749 0.988301288 0.937472756
ledger 3 6 -1 281.000000000 1752.023809524 303.000000000 1752.023809524 1.909090909 0.147419721 0.363636364 1.000000000 0.095238095 0.200000000 0.920724955 0.312385754 0.312385754
ledger 3 6 -1 1380.000000000 1760.046436285 1402.000000000 1759.978401728 1.954545455 0.156887845 0.372294372 1.000000000 0.095238095 0.200000000 0.920721091 0.519438959 0.528695362
