musicfont.runtime=OpenJDK 64-Bit Server VM 26.0.1
musicfont.family=Bravura
musicfont.standard-interline=20
musicfont.pointsize-per-interline=4
musicfont.coverage.F_CLEF=56x72 covered=1329 distinct=196 opaque=false
musicfont.offset.F_CLEF=-0.03884001107392759 -0.13394309933117415
musicfont.coverage.G_CLEF=54x141 covered=2713 distinct=246 opaque=false
musicfont.offset.G_CLEF=0.00205725082845354 0.01888306366816295
musicfont.coverage.G_CLEF_8VA=54x159 covered=2903 distinct=250 opaque=false
musicfont.offset.G_CLEF_8VA=0.01336868758375387 0.04381791002555180
musicfont.coverage.G_CLEF_8VB=54x159 covered=2894 distinct=246 opaque=false
musicfont.offset.G_CLEF_8VB=0.00052491308994185 -0.01328569918562944
musicfont.coverage.C_CLEF=56x82 covered=2755 distinct=203 opaque=false
musicfont.offset.C_CLEF=-0.06580471127152870 -0.01731409766015940
musicfont.coverage.PERCUSSION_CLEF=31x40 covered=1080 distinct=20 opaque=false
musicfont.offset.PERCUSSION_CLEF=-0.02309224973860641 -0.01249250593760271
musicfont.bounds.F_CLEF.5=-0.09375000000000000 -5.23437500000000000 13.78125000000000000 17.93750000000000000
musicfont.bounds.F_CLEF.6=-0.12500000000000000 -6.28125000000000000 16.54687500000000000 21.51562500000000000
musicfont.bounds.F_CLEF.7=-0.14062500000000000 -7.34375000000000000 19.29687500000000000 25.12500000000000000
musicfont.bounds.F_CLEF.8=-0.15625000000000000 -8.39062500000000000 22.04687500000000000 28.70312500000000000
musicfont.bounds.F_CLEF.9=-0.18750000000000000 -9.43750000000000000 24.81250000000000000 32.29687500000000000
musicfont.bounds.F_CLEF.10=-0.20312500000000000 -10.48437500000000000 27.56250000000000000 35.89062500000000000
musicfont.bounds.F_CLEF.11=-0.21875000000000000 -11.53125000000000000 30.31250000000000000 39.46875000000000000
musicfont.bounds.F_CLEF.12=-0.23437500000000000 -12.57812500000000000 33.06250000000000000 43.06250000000000000
musicfont.bounds.F_CLEF.13=-0.26562500000000000 -13.62500000000000000 35.82812500000000000 46.64062500000000000
musicfont.bounds.F_CLEF.14=-0.28125000000000000 -14.67187500000000000 38.57812500000000000 50.23437500000000000
musicfont.bounds.F_CLEF.15=-0.29687500000000000 -15.71875000000000000 41.34375000000000000 53.81250000000000000
musicfont.bounds.F_CLEF.16=-0.31250000000000000 -16.76562500000000000 44.09375000000000000 57.40625000000000000
musicfont.bounds.F_CLEF.17=-0.34375000000000000 -17.81250000000000000 46.85937500000000000 61.00000000000000000
musicfont.bounds.F_CLEF.18=-0.35937500000000000 -18.85937500000000000 49.60937500000000000 64.57812500000000000
musicfont.bounds.F_CLEF.19=-0.37500000000000000 -19.90625000000000000 52.35937500000000000 68.17187500000000000
musicfont.bounds.F_CLEF.20=-0.40625000000000000 -20.95312500000000000 55.12500000000000000 71.75000000000000000
musicfont.bounds.F_CLEF.21=-0.42187500000000000 -22.01562500000000000 57.87500000000000000 75.35937500000000000
musicfont.bounds.F_CLEF.22=-0.43750000000000000 -23.06250000000000000 60.62500000000000000 78.93750000000000000
musicfont.bounds.F_CLEF.23=-0.45312500000000000 -24.10937500000000000 63.37500000000000000 82.53125000000000000
musicfont.bounds.F_CLEF.24=-0.48437500000000000 -25.15625000000000000 66.14062500000000000 86.10937500000000000
musicfont.bounds.F_CLEF.25=-0.50000000000000000 -26.20312500000000000 68.90625000000000000 89.70312500000000000
musicfont.bounds.F_CLEF.26=-0.51562500000000000 -27.25000000000000000 71.65625000000000000 93.29687500000000000
musicfont.bounds.F_CLEF.27=-0.54687500000000000 -28.29687500000000000 74.42187500000000000 96.87500000000000000
musicfont.bounds.F_CLEF.28=-0.56250000000000000 -29.34375000000000000 77.17187500000000000 100.46875000000000000
musicfont.bounds.F_CLEF.29=-0.57812500000000000 -30.39062500000000000 79.92187500000000000 104.04687500000000000
musicfont.bounds.F_CLEF.30=-0.59375000000000000 -31.43750000000000000 82.67187500000000000 107.64062500000000000
musicfont.bounds.F_CLEF.31=-0.62500000000000000 -32.48437500000000000 85.43750000000000000 111.21875000000000000
musicfont.bounds.F_CLEF.32=-0.64062500000000000 -33.53125000000000000 88.18750000000000000 114.81250000000000000
musicfont.bounds.F_CLEF.33=-0.65625000000000000 -34.57812500000000000 90.93750000000000000 118.39062500000000000
musicfont.bounds.F_CLEF.34=-0.68750000000000000 -35.62500000000000000 93.71875000000000000 121.98437500000000000
musicfont.bounds.F_CLEF.35=-0.70312500000000000 -36.68750000000000000 96.46875000000000000 125.59375000000000000
musicfont.bounds.F_CLEF.36=-0.71875000000000000 -37.73437500000000000 99.21875000000000000 129.17187500000000000
musicfont.bounds.F_CLEF.37=-0.73437500000000000 -38.78125000000000000 101.96875000000000000 132.76562500000000000
musicfont.bounds.F_CLEF.38=-0.76562500000000000 -39.82812500000000000 104.73437500000000000 136.34375000000000000
musicfont.bounds.F_CLEF.39=-0.78125000000000000 -40.87500000000000000 107.48437500000000000 139.93750000000000000
musicfont.bounds.F_CLEF.40=-0.79687500000000000 -41.92187500000000000 110.23437500000000000 143.51562500000000000
musicfont.bounds.F_CLEF.41=-0.81250000000000000 -42.96875000000000000 112.98437500000000000 147.10937500000000000
musicfont.bounds.F_CLEF.42=-0.84375000000000000 -44.01562500000000000 115.75000000000000000 150.70312500000000000
musicfont.bounds.F_CLEF.43=-0.85937500000000000 -45.06250000000000000 118.50000000000000000 154.28125000000000000
musicfont.bounds.F_CLEF.44=-0.87500000000000000 -46.10937500000000000 121.26562500000000000 157.87500000000000000
musicfont.bounds.F_CLEF.45=-0.90625000000000000 -47.15625000000000000 124.03125000000000000 161.45312500000000000
musicfont.bounds.F_CLEF.46=-0.92187500000000000 -48.20312500000000000 126.78125000000000000 165.04687500000000000
musicfont.bounds.F_CLEF.47=-0.93750000000000000 -49.25000000000000000 129.53125000000000000 168.62500000000000000
musicfont.bounds.F_CLEF.48=-0.95312500000000000 -50.29687500000000000 132.28125000000000000 172.21875000000000000
musicfont.bounds.F_CLEF.49=-0.98437500000000000 -51.35937500000000000 135.04687500000000000 175.81250000000000000
musicfont.bounds.F_CLEF.50=-1.00000000000000000 -52.40625000000000000 137.79687500000000000 179.40625000000000000
musicfont.bounds.F_CLEF.51=-1.01562500000000000 -53.45312500000000000 140.54687500000000000 183.00000000000000000
musicfont.bounds.F_CLEF.52=-1.04687500000000000 -54.50000000000000000 143.31250000000000000 186.57812500000000000
musicfont.bounds.F_CLEF.53=-1.06250000000000000 -55.54687500000000000 146.07812500000000000 190.17187500000000000
musicfont.bounds.F_CLEF.54=-1.07812500000000000 -56.59375000000000000 148.82812500000000000 193.75000000000000000
musicfont.bounds.F_CLEF.55=-1.09375000000000000 -57.64062500000000000 151.57812500000000000 197.34375000000000000
musicfont.bounds.F_CLEF.56=-1.12500000000000000 -58.68750000000000000 154.34375000000000000 200.92187500000000000
musicfont.bounds.F_CLEF.57=-1.14062500000000000 -59.73437500000000000 157.09375000000000000 204.51562500000000000
musicfont.bounds.F_CLEF.58=-1.15625000000000000 -60.78125000000000000 159.84375000000000000 208.09375000000000000
musicfont.bounds.F_CLEF.59=-1.18750000000000000 -61.82812500000000000 162.60937500000000000 211.68750000000000000
musicfont.bounds.F_CLEF.60=-1.20312500000000000 -62.87500000000000000 165.35937500000000000 215.28125000000000000
musicfont.bounds.F_CLEF.61=-1.21875000000000000 -63.92187500000000000 168.10937500000000000 218.85937500000000000
musicfont.bounds.F_CLEF.62=-1.23437500000000000 -64.96875000000000000 170.85937500000000000 222.45312500000000000
musicfont.bounds.F_CLEF.63=-1.26562500000000000 -66.03125000000000000 173.64062500000000000 226.04687500000000000
musicfont.bounds.F_CLEF.64=-1.28125000000000000 -67.07812500000000000 176.39062500000000000 229.64062500000000000
musicfont.bounds.F_CLEF.65=-1.29687500000000000 -68.12500000000000000 179.14062500000000000 233.21875000000000000
musicfont.bounds.F_CLEF.66=-1.31250000000000000 -69.17187500000000000 181.89062500000000000 236.81250000000000000
musicfont.bounds.F_CLEF.67=-1.34375000000000000 -70.21875000000000000 184.65625000000000000 240.40625000000000000
musicfont.bounds.F_CLEF.68=-1.35937500000000000 -71.26562500000000000 187.40625000000000000 243.98437500000000000
musicfont.bounds.F_CLEF.69=-1.37500000000000000 -72.31250000000000000 190.15625000000000000 247.57812500000000000
musicfont.bounds.F_CLEF.70=-1.40625000000000000 -73.35937500000000000 192.92187500000000000 251.15625000000000000
musicfont.bounds.F_CLEF.71=-1.42187500000000000 -74.40625000000000000 195.67187500000000000 254.75000000000000000
musicfont.bounds.F_CLEF.72=-1.43750000000000000 -75.45312500000000000 198.42187500000000000 258.32812500000000000
musicfont.bounds.F_CLEF.73=-1.45312500000000000 -76.50000000000000000 201.18750000000000000 261.92187500000000000
musicfont.bounds.F_CLEF.74=-1.48437500000000000 -77.54687500000000000 203.95312500000000000 265.50000000000000000
musicfont.bounds.F_CLEF.75=-1.50000000000000000 -78.59375000000000000 206.70312500000000000 269.09375000000000000
musicfont.bounds.F_CLEF.76=-1.51562500000000000 -79.64062500000000000 209.45312500000000000 272.68750000000000000
musicfont.bounds.F_CLEF.77=-1.54687500000000000 -80.70312500000000000 212.21875000000000000 276.28125000000000000
musicfont.bounds.F_CLEF.78=-1.56250000000000000 -81.75000000000000000 214.96875000000000000 279.87500000000000000
musicfont.bounds.F_CLEF.79=-1.57812500000000000 -82.79687500000000000 217.71875000000000000 283.45312500000000000
musicfont.bounds.F_CLEF.80=-1.59375000000000000 -83.84375000000000000 220.46875000000000000 287.04687500000000000
musicfont.bounds.F_CLEF.81=-1.62500000000000000 -84.89062500000000000 223.23437500000000000 290.62500000000000000
musicfont.bounds.F_CLEF.82=-1.64062500000000000 -85.93750000000000000 226.00000000000000000 294.21875000000000000
musicfont.bounds.F_CLEF.83=-1.65625000000000000 -86.98437500000000000 228.75000000000000000 297.79687500000000000
musicfont.bounds.F_CLEF.84=-1.68750000000000000 -88.03125000000000000 231.51562500000000000 301.39062500000000000
musicfont.bounds.F_CLEF.85=-1.70312500000000000 -89.07812500000000000 234.26562500000000000 304.98437500000000000
musicfont.bounds.F_CLEF.86=-1.71875000000000000 -90.12500000000000000 237.01562500000000000 308.56250000000000000
musicfont.bounds.F_CLEF.87=-1.73437500000000000 -91.17187500000000000 239.76562500000000000 312.15625000000000000
musicfont.bounds.F_CLEF.88=-1.76562500000000000 -92.21875000000000000 242.53125000000000000 315.73437500000000000
musicfont.bounds.F_CLEF.89=-1.78125000000000000 -93.26562500000000000 245.28125000000000000 319.32812500000000000
musicfont.bounds.F_CLEF.90=-1.79687500000000000 -94.31250000000000000 248.03125000000000000 322.90625000000000000
musicfont.bounds.F_CLEF.91=-1.81250000000000000 -95.37500000000000000 250.78125000000000000 326.51562500000000000
musicfont.bounds.F_CLEF.92=-1.84375000000000000 -96.42187500000000000 253.56250000000000000 330.10937500000000000
musicfont.bounds.F_CLEF.93=-1.85937500000000000 -97.46875000000000000 256.31250000000000000 333.68750000000000000
musicfont.bounds.F_CLEF.94=-1.87500000000000000 -98.51562500000000000 259.06250000000000000 337.28125000000000000
musicfont.bounds.F_CLEF.95=-1.90625000000000000 -99.56250000000000000 261.82812500000000000 340.85937500000000000
musicfont.bounds.F_CLEF.96=-1.92187500000000000 -100.60937500000000000 264.57812500000000000 344.45312500000000000
musicfont.bounds.F_CLEF.97=-1.93750000000000000 -101.65625000000000000 267.32812500000000000 348.03125000000000000
musicfont.bounds.F_CLEF.98=-1.95312500000000000 -102.70312500000000000 270.07812500000000000 351.62500000000000000
musicfont.bounds.F_CLEF.99=-1.98437500000000000 -103.75000000000000000 272.84375000000000000 355.20312500000000000
musicfont.bounds.F_CLEF.100=-2.00000000000000000 -104.79687500000000000 275.59375000000000000 358.79687500000000000
musicfont.bounds.F_CLEF.101=-2.01562500000000000 -105.84375000000000000 278.35937500000000000 362.39062500000000000
musicfont.bounds.F_CLEF.102=-2.04687500000000000 -106.89062500000000000 281.12500000000000000 365.96875000000000000
musicfont.bounds.F_CLEF.103=-2.06250000000000000 -107.93750000000000000 283.87500000000000000 369.56250000000000000
musicfont.bounds.F_CLEF.104=-2.07812500000000000 -108.98437500000000000 286.62500000000000000 373.14062500000000000
musicfont.bounds.F_CLEF.105=-2.09375000000000000 -110.04687500000000000 289.37500000000000000 376.75000000000000000
musicfont.bounds.F_CLEF.106=-2.12500000000000000 -111.09375000000000000 292.14062500000000000 380.32812500000000000
musicfont.bounds.F_CLEF.107=-2.14062500000000000 -112.14062500000000000 294.89062500000000000 383.92187500000000000
musicfont.bounds.F_CLEF.108=-2.15625000000000000 -113.18750000000000000 297.64062500000000000 387.50000000000000000
musicfont.bounds.F_CLEF.109=-2.18750000000000000 -114.23437500000000000 300.40625000000000000 391.09375000000000000
musicfont.bounds.F_CLEF.110=-2.20312500000000000 -115.28125000000000000 303.15625000000000000 394.68750000000000000
musicfont.bounds.F_CLEF.111=-2.21875000000000000 -116.32812500000000000 305.92187500000000000 398.26562500000000000
musicfont.bounds.F_CLEF.112=-2.23437500000000000 -117.37500000000000000 308.67187500000000000 401.85937500000000000
musicfont.bounds.F_CLEF.113=-2.26562500000000000 -118.42187500000000000 311.43750000000000000 405.43750000000000000
musicfont.bounds.F_CLEF.114=-2.28125000000000000 -119.46875000000000000 314.18750000000000000 409.03125000000000000
musicfont.bounds.F_CLEF.115=-2.29687500000000000 -120.51562500000000000 316.93750000000000000 412.60937500000000000
musicfont.bounds.F_CLEF.116=-2.31250000000000000 -121.56250000000000000 319.68750000000000000 416.20312500000000000
musicfont.bounds.F_CLEF.117=-2.34375000000000000 -122.60937500000000000 322.45312500000000000 419.79687500000000000
musicfont.bounds.F_CLEF.118=-2.35937500000000000 -123.65625000000000000 325.20312500000000000 423.37500000000000000
musicfont.bounds.F_CLEF.119=-2.37500000000000000 -124.71875000000000000 327.95312500000000000 426.98437500000000000
musicfont.bounds.F_CLEF.120=-2.40625000000000000 -125.76562500000000000 330.71875000000000000 430.56250000000000000
musicfont.bounds.G_CLEF.5=0.00000000000000000 -21.95312500000000000 13.42187500000000000 35.10937500000000000
musicfont.bounds.G_CLEF.6=0.00000000000000000 -26.35937500000000000 16.10937500000000000 42.15625000000000000
musicfont.bounds.G_CLEF.7=0.00000000000000000 -30.75000000000000000 18.78125000000000000 49.17187500000000000
musicfont.bounds.G_CLEF.8=0.00000000000000000 -35.14062500000000000 21.46875000000000000 56.20312500000000000
musicfont.bounds.G_CLEF.9=0.00000000000000000 -39.53125000000000000 24.15625000000000000 63.21875000000000000
musicfont.bounds.G_CLEF.10=0.00000000000000000 -43.92187500000000000 26.84375000000000000 70.23437500000000000
musicfont.bounds.G_CLEF.11=0.00000000000000000 -48.31250000000000000 29.53125000000000000 77.26562500000000000
musicfont.bounds.G_CLEF.12=0.00000000000000000 -52.70312500000000000 32.20312500000000000 84.28125000000000000
musicfont.bounds.G_CLEF.13=0.00000000000000000 -57.09375000000000000 34.89062500000000000 91.31250000000000000
musicfont.bounds.G_CLEF.14=0.00000000000000000 -61.48437500000000000 37.57812500000000000 98.32812500000000000
musicfont.bounds.G_CLEF.15=0.00000000000000000 -65.87500000000000000 40.26562500000000000 105.35937500000000000
musicfont.bounds.G_CLEF.16=0.00000000000000000 -70.26562500000000000 42.93750000000000000 112.37500000000000000
musicfont.bounds.G_CLEF.17=0.00000000000000000 -74.67187500000000000 45.62500000000000000 119.42187500000000000
musicfont.bounds.G_CLEF.18=0.00000000000000000 -79.06250000000000000 48.31250000000000000 126.43750000000000000
musicfont.bounds.G_CLEF.19=0.00000000000000000 -83.45312500000000000 51.00000000000000000 133.46875000000000000
musicfont.bounds.G_CLEF.20=0.00000000000000000 -87.84375000000000000 53.68750000000000000 140.48437500000000000
musicfont.bounds.G_CLEF.21=0.00000000000000000 -92.23437500000000000 56.35937500000000000 147.50000000000000000
musicfont.bounds.G_CLEF.22=0.00000000000000000 -96.62500000000000000 59.04687500000000000 154.53125000000000000
musicfont.bounds.G_CLEF.23=0.00000000000000000 -101.01562500000000000 61.73437500000000000 161.54687500000000000
musicfont.bounds.G_CLEF.24=0.00000000000000000 -105.40625000000000000 64.42187500000000000 168.57812500000000000
musicfont.bounds.G_CLEF.25=0.00000000000000000 -109.79687500000000000 67.09375000000000000 175.59375000000000000
musicfont.bounds.G_CLEF.26=0.00000000000000000 -114.18750000000000000 69.78125000000000000 182.62500000000000000
musicfont.bounds.G_CLEF.27=0.00000000000000000 -118.57812500000000000 72.46875000000000000 189.64062500000000000
musicfont.bounds.G_CLEF.28=0.00000000000000000 -122.96875000000000000 75.15625000000000000 196.67187500000000000
musicfont.bounds.G_CLEF.29=0.00000000000000000 -127.37500000000000000 77.84375000000000000 203.70312500000000000
musicfont.bounds.G_CLEF.30=0.00000000000000000 -131.76562500000000000 80.51562500000000000 210.71875000000000000
musicfont.bounds.G_CLEF.31=0.00000000000000000 -136.15625000000000000 83.20312500000000000 217.75000000000000000
musicfont.bounds.G_CLEF.32=0.00000000000000000 -140.54687500000000000 85.89062500000000000 224.76562500000000000
musicfont.bounds.G_CLEF.33=0.00000000000000000 -144.93750000000000000 88.57812500000000000 231.79687500000000000
musicfont.bounds.G_CLEF.34=0.00000000000000000 -149.32812500000000000 91.25000000000000000 238.81250000000000000
musicfont.bounds.G_CLEF.35=0.00000000000000000 -153.71875000000000000 93.93750000000000000 245.84375000000000000
musicfont.bounds.G_CLEF.36=0.00000000000000000 -158.10937500000000000 96.62500000000000000 252.85937500000000000
musicfont.bounds.G_CLEF.37=0.00000000000000000 -162.50000000000000000 99.31250000000000000 259.89062500000000000
musicfont.bounds.G_CLEF.38=0.00000000000000000 -166.89062500000000000 101.98437500000000000 266.90625000000000000
musicfont.bounds.G_CLEF.39=0.00000000000000000 -171.28125000000000000 104.67187500000000000 273.92187500000000000
musicfont.bounds.G_CLEF.40=0.00000000000000000 -175.68750000000000000 107.35937500000000000 280.96875000000000000
musicfont.bounds.G_CLEF.41=0.00000000000000000 -180.07812500000000000 110.04687500000000000 287.98437500000000000
musicfont.bounds.G_CLEF.42=0.00000000000000000 -184.46875000000000000 112.73437500000000000 295.01562500000000000
musicfont.bounds.G_CLEF.43=0.00000000000000000 -188.85937500000000000 115.40625000000000000 302.03125000000000000
musicfont.bounds.G_CLEF.44=0.00000000000000000 -193.25000000000000000 118.09375000000000000 309.06250000000000000
musicfont.bounds.G_CLEF.45=0.00000000000000000 -197.64062500000000000 120.78125000000000000 316.07812500000000000
musicfont.bounds.G_CLEF.46=0.00000000000000000 -202.03125000000000000 123.46875000000000000 323.10937500000000000
musicfont.bounds.G_CLEF.47=0.00000000000000000 -206.42187500000000000 126.14062500000000000 330.12500000000000000
musicfont.bounds.G_CLEF.48=0.00000000000000000 -210.81250000000000000 128.82812500000000000 337.15625000000000000
musicfont.bounds.G_CLEF.49=0.00000000000000000 -215.20312500000000000 131.51562500000000000 344.17187500000000000
musicfont.bounds.G_CLEF.50=0.00000000000000000 -219.59375000000000000 134.20312500000000000 351.18750000000000000
musicfont.bounds.G_CLEF.51=0.00000000000000000 -223.98437500000000000 136.89062500000000000 358.21875000000000000
musicfont.bounds.G_CLEF.52=0.00000000000000000 -228.39062500000000000 139.56250000000000000 365.25000000000000000
musicfont.bounds.G_CLEF.53=0.00000000000000000 -232.78125000000000000 142.25000000000000000 372.28125000000000000
musicfont.bounds.G_CLEF.54=0.00000000000000000 -237.17187500000000000 144.93750000000000000 379.29687500000000000
musicfont.bounds.G_CLEF.55=0.00000000000000000 -241.56250000000000000 147.62500000000000000 386.32812500000000000
musicfont.bounds.G_CLEF.56=0.00000000000000000 -245.95312500000000000 150.29687500000000000 393.34375000000000000
musicfont.bounds.G_CLEF.57=0.00000000000000000 -250.34375000000000000 152.98437500000000000 400.37500000000000000
musicfont.bounds.G_CLEF.58=0.00000000000000000 -254.73437500000000000 155.67187500000000000 407.39062500000000000
musicfont.bounds.G_CLEF.59=0.00000000000000000 -259.12500000000000000 158.35937500000000000 414.40625000000000000
musicfont.bounds.G_CLEF.60=0.00000000000000000 -263.51562500000000000 161.04687500000000000 421.43750000000000000
musicfont.bounds.G_CLEF.61=0.00000000000000000 -267.90625000000000000 163.71875000000000000 428.45312500000000000
musicfont.bounds.G_CLEF.62=0.00000000000000000 -272.29687500000000000 166.40625000000000000 435.48437500000000000
musicfont.bounds.G_CLEF.63=0.00000000000000000 -276.70312500000000000 169.09375000000000000 442.51562500000000000
musicfont.bounds.G_CLEF.64=0.00000000000000000 -281.09375000000000000 171.78125000000000000 449.54687500000000000
musicfont.bounds.G_CLEF.65=0.00000000000000000 -285.48437500000000000 174.45312500000000000 456.56250000000000000
musicfont.bounds.G_CLEF.66=0.00000000000000000 -289.87500000000000000 177.14062500000000000 463.59375000000000000
musicfont.bounds.G_CLEF.67=0.00000000000000000 -294.26562500000000000 179.82812500000000000 470.60937500000000000
musicfont.bounds.G_CLEF.68=0.00000000000000000 -298.65625000000000000 182.51562500000000000 477.62500000000000000
musicfont.bounds.G_CLEF.69=0.00000000000000000 -303.04687500000000000 185.20312500000000000 484.65625000000000000
musicfont.bounds.G_CLEF.70=0.00000000000000000 -307.43750000000000000 187.87500000000000000 491.67187500000000000
musicfont.bounds.G_CLEF.71=0.00000000000000000 -311.82812500000000000 190.56250000000000000 498.70312500000000000
musicfont.bounds.G_CLEF.72=0.00000000000000000 -316.21875000000000000 193.25000000000000000 505.71875000000000000
musicfont.bounds.G_CLEF.73=0.00000000000000000 -320.60937500000000000 195.93750000000000000 512.75000000000000000
musicfont.bounds.G_CLEF.74=0.00000000000000000 -325.01562500000000000 198.60937500000000000 519.78125000000000000
musicfont.bounds.G_CLEF.75=0.00000000000000000 -329.40625000000000000 201.29687500000000000 526.81250000000000000
musicfont.bounds.G_CLEF.76=0.00000000000000000 -333.79687500000000000 203.98437500000000000 533.82812500000000000
musicfont.bounds.G_CLEF.77=0.00000000000000000 -338.18750000000000000 206.67187500000000000 540.84375000000000000
musicfont.bounds.G_CLEF.78=0.00000000000000000 -342.57812500000000000 209.35937500000000000 547.87500000000000000
musicfont.bounds.G_CLEF.79=0.00000000000000000 -346.96875000000000000 212.03125000000000000 554.89062500000000000
musicfont.bounds.G_CLEF.80=0.00000000000000000 -351.35937500000000000 214.71875000000000000 561.92187500000000000
musicfont.bounds.G_CLEF.81=0.00000000000000000 -355.75000000000000000 217.40625000000000000 568.93750000000000000
musicfont.bounds.G_CLEF.82=0.00000000000000000 -360.14062500000000000 220.09375000000000000 575.96875000000000000
musicfont.bounds.G_CLEF.83=0.00000000000000000 -364.53125000000000000 222.76562500000000000 582.98437500000000000
musicfont.bounds.G_CLEF.84=0.00000000000000000 -368.92187500000000000 225.45312500000000000 590.01562500000000000
musicfont.bounds.G_CLEF.85=0.00000000000000000 -373.31250000000000000 228.14062500000000000 597.03125000000000000
musicfont.bounds.G_CLEF.86=0.00000000000000000 -377.71875000000000000 230.82812500000000000 604.07812500000000000
musicfont.bounds.G_CLEF.87=0.00000000000000000 -382.10937500000000000 233.51562500000000000 611.09375000000000000
musicfont.bounds.G_CLEF.88=0.00000000000000000 -386.50000000000000000 236.18750000000000000 618.10937500000000000
musicfont.bounds.G_CLEF.89=0.00000000000000000 -390.89062500000000000 238.87500000000000000 625.14062500000000000
musicfont.bounds.G_CLEF.90=0.00000000000000000 -395.28125000000000000 241.56250000000000000 632.15625000000000000
musicfont.bounds.G_CLEF.91=0.00000000000000000 -399.67187500000000000 244.25000000000000000 639.18750000000000000
musicfont.bounds.G_CLEF.92=0.00000000000000000 -404.06250000000000000 246.92187500000000000 646.20312500000000000
musicfont.bounds.G_CLEF.93=0.00000000000000000 -408.45312500000000000 249.60937500000000000 653.23437500000000000
musicfont.bounds.G_CLEF.94=0.00000000000000000 -412.84375000000000000 252.29687500000000000 660.25000000000000000
musicfont.bounds.G_CLEF.95=0.00000000000000000 -417.23437500000000000 254.98437500000000000 667.28125000000000000
musicfont.bounds.G_CLEF.96=0.00000000000000000 -421.62500000000000000 257.65625000000000000 674.29687500000000000
musicfont.bounds.G_CLEF.97=0.00000000000000000 -426.03125000000000000 260.34375000000000000 681.32812500000000000
musicfont.bounds.G_CLEF.98=0.00000000000000000 -430.42187500000000000 263.03125000000000000 688.35937500000000000
musicfont.bounds.G_CLEF.99=0.00000000000000000 -434.81250000000000000 265.71875000000000000 695.37500000000000000
musicfont.bounds.G_CLEF.100=0.00000000000000000 -439.20312500000000000 268.40625000000000000 702.40625000000000000
musicfont.bounds.G_CLEF.101=0.00000000000000000 -443.59375000000000000 271.07812500000000000 709.42187500000000000
musicfont.bounds.G_CLEF.102=0.00000000000000000 -447.98437500000000000 273.76562500000000000 716.45312500000000000
musicfont.bounds.G_CLEF.103=0.00000000000000000 -452.37500000000000000 276.45312500000000000 723.46875000000000000
musicfont.bounds.G_CLEF.104=0.00000000000000000 -456.76562500000000000 279.14062500000000000 730.50000000000000000
musicfont.bounds.G_CLEF.105=0.00000000000000000 -461.15625000000000000 281.81250000000000000 737.51562500000000000
musicfont.bounds.G_CLEF.106=0.00000000000000000 -465.54687500000000000 284.50000000000000000 744.53125000000000000
musicfont.bounds.G_CLEF.107=0.00000000000000000 -469.93750000000000000 287.18750000000000000 751.56250000000000000
musicfont.bounds.G_CLEF.108=0.00000000000000000 -474.32812500000000000 289.87500000000000000 758.57812500000000000
musicfont.bounds.G_CLEF.109=0.00000000000000000 -478.73437500000000000 292.56250000000000000 765.62500000000000000
musicfont.bounds.G_CLEF.110=0.00000000000000000 -483.12500000000000000 295.23437500000000000 772.64062500000000000
musicfont.bounds.G_CLEF.111=0.00000000000000000 -487.51562500000000000 297.92187500000000000 779.67187500000000000
musicfont.bounds.G_CLEF.112=0.00000000000000000 -491.90625000000000000 300.60937500000000000 786.68750000000000000
musicfont.bounds.G_CLEF.113=0.00000000000000000 -496.29687500000000000 303.29687500000000000 793.71875000000000000
musicfont.bounds.G_CLEF.114=0.00000000000000000 -500.68750000000000000 305.96875000000000000 800.73437500000000000
musicfont.bounds.G_CLEF.115=0.00000000000000000 -505.07812500000000000 308.65625000000000000 807.76562500000000000
musicfont.bounds.G_CLEF.116=0.00000000000000000 -509.46875000000000000 311.34375000000000000 814.78125000000000000
musicfont.bounds.G_CLEF.117=0.00000000000000000 -513.85937500000000000 314.03125000000000000 821.79687500000000000
musicfont.bounds.G_CLEF.118=0.00000000000000000 -518.25000000000000000 316.71875000000000000 828.82812500000000000
musicfont.bounds.G_CLEF.119=0.00000000000000000 -522.64062500000000000 319.39062500000000000 835.84375000000000000
musicfont.bounds.G_CLEF.120=0.00000000000000000 -527.04687500000000000 322.07812500000000000 842.89062500000000000
musicfont.bounds.G_CLEF_8VA.5=0.00000000000000000 -26.40625000000000000 13.42187500000000000 39.56250000000000000
musicfont.bounds.G_CLEF_8VA.6=0.00000000000000000 -31.68750000000000000 16.10937500000000000 47.48437500000000000
musicfont.bounds.G_CLEF_8VA.7=0.00000000000000000 -36.95312500000000000 18.78125000000000000 55.37500000000000000
musicfont.bounds.G_CLEF_8VA.8=0.00000000000000000 -42.23437500000000000 21.46875000000000000 63.29687500000000000
musicfont.bounds.G_CLEF_8VA.9=0.00000000000000000 -47.51562500000000000 24.15625000000000000 71.20312500000000000
musicfont.bounds.G_CLEF_8VA.10=0.00000000000000000 -52.79687500000000000 26.84375000000000000 79.10937500000000000
musicfont.bounds.G_CLEF_8VA.11=0.00000000000000000 -58.07812500000000000 29.53125000000000000 87.03125000000000000
musicfont.bounds.G_CLEF_8VA.12=0.00000000000000000 -63.35937500000000000 32.20312500000000000 94.93750000000000000
musicfont.bounds.G_CLEF_8VA.13=0.00000000000000000 -68.64062500000000000 34.89062500000000000 102.85937500000000000
musicfont.bounds.G_CLEF_8VA.14=0.00000000000000000 -73.92187500000000000 37.57812500000000000 110.76562500000000000
musicfont.bounds.G_CLEF_8VA.15=0.00000000000000000 -79.20312500000000000 40.26562500000000000 118.68750000000000000
musicfont.bounds.G_CLEF_8VA.16=0.00000000000000000 -84.48437500000000000 42.93750000000000000 126.59375000000000000
musicfont.bounds.G_CLEF_8VA.17=0.00000000000000000 -89.76562500000000000 45.62500000000000000 134.51562500000000000
musicfont.bounds.G_CLEF_8VA.18=0.00000000000000000 -95.04687500000000000 48.31250000000000000 142.42187500000000000
musicfont.bounds.G_CLEF_8VA.19=0.00000000000000000 -100.31250000000000000 51.00000000000000000 150.32812500000000000
musicfont.bounds.G_CLEF_8VA.20=0.00000000000000000 -105.59375000000000000 53.68750000000000000 158.23437500000000000
musicfont.bounds.G_CLEF_8VA.21=0.00000000000000000 -110.87500000000000000 56.35937500000000000 166.14062500000000000
musicfont.bounds.G_CLEF_8VA.22=0.00000000000000000 -116.15625000000000000 59.04687500000000000 174.06250000000000000
musicfont.bounds.G_CLEF_8VA.23=0.00000000000000000 -121.43750000000000000 61.73437500000000000 181.96875000000000000
musicfont.bounds.G_CLEF_8VA.24=0.00000000000000000 -126.71875000000000000 64.42187500000000000 189.89062500000000000
musicfont.bounds.G_CLEF_8VA.25=0.00000000000000000 -132.00000000000000000 67.09375000000000000 197.79687500000000000
musicfont.bounds.G_CLEF_8VA.26=0.00000000000000000 -137.28125000000000000 69.78125000000000000 205.71875000000000000
musicfont.bounds.G_CLEF_8VA.27=0.00000000000000000 -142.56250000000000000 72.46875000000000000 213.62500000000000000
musicfont.bounds.G_CLEF_8VA.28=0.00000000000000000 -147.84375000000000000 75.15625000000000000 221.54687500000000000
musicfont.bounds.G_CLEF_8VA.29=0.00000000000000000 -153.12500000000000000 77.84375000000000000 229.45312500000000000
musicfont.bounds.G_CLEF_8VA.30=0.00000000000000000 -158.40625000000000000 80.51562500000000000 237.35937500000000000
musicfont.bounds.G_CLEF_8VA.31=0.00000000000000000 -163.68750000000000000 83.20312500000000000 245.28125000000000000
musicfont.bounds.G_CLEF_8VA.32=0.00000000000000000 -168.95312500000000000 85.89062500000000000 253.17187500000000000
musicfont.bounds.G_CLEF_8VA.33=0.00000000000000000 -174.23437500000000000 88.57812500000000000 261.09375000000000000
musicfont.bounds.G_CLEF_8VA.34=0.00000000000000000 -179.51562500000000000 91.25000000000000000 269.00000000000000000
musicfont.bounds.G_CLEF_8VA.35=0.00000000000000000 -184.79687500000000000 93.93750000000000000 276.92187500000000000
musicfont.bounds.G_CLEF_8VA.36=0.00000000000000000 -190.07812500000000000 96.62500000000000000 284.82812500000000000
musicfont.bounds.G_CLEF_8VA.37=0.00000000000000000 -195.35937500000000000 99.31250000000000000 292.75000000000000000
musicfont.bounds.G_CLEF_8VA.38=0.00000000000000000 -200.64062500000000000 101.98437500000000000 300.65625000000000000
musicfont.bounds.G_CLEF_8VA.39=0.00000000000000000 -205.92187500000000000 104.67187500000000000 308.56250000000000000
musicfont.bounds.G_CLEF_8VA.40=0.00000000000000000 -211.20312500000000000 107.35937500000000000 316.48437500000000000
musicfont.bounds.G_CLEF_8VA.41=0.00000000000000000 -216.48437500000000000 110.04687500000000000 324.39062500000000000
musicfont.bounds.G_CLEF_8VA.42=0.00000000000000000 -221.76562500000000000 112.73437500000000000 332.31250000000000000
musicfont.bounds.G_CLEF_8VA.43=0.00000000000000000 -227.04687500000000000 115.40625000000000000 340.21875000000000000
musicfont.bounds.G_CLEF_8VA.44=0.00000000000000000 -232.31250000000000000 118.09375000000000000 348.12500000000000000
musicfont.bounds.G_CLEF_8VA.45=0.00000000000000000 -237.59375000000000000 120.78125000000000000 356.03125000000000000
musicfont.bounds.G_CLEF_8VA.46=0.00000000000000000 -242.87500000000000000 123.46875000000000000 363.95312500000000000
musicfont.bounds.G_CLEF_8VA.47=0.00000000000000000 -248.15625000000000000 126.14062500000000000 371.85937500000000000
musicfont.bounds.G_CLEF_8VA.48=0.00000000000000000 -253.43750000000000000 128.82812500000000000 379.78125000000000000
musicfont.bounds.G_CLEF_8VA.49=0.00000000000000000 -258.71875000000000000 131.51562500000000000 387.68750000000000000
musicfont.bounds.G_CLEF_8VA.50=0.00000000000000000 -264.00000000000000000 134.20312500000000000 395.59375000000000000
musicfont.bounds.G_CLEF_8VA.51=0.00000000000000000 -269.28125000000000000 136.89062500000000000 403.51562500000000000
musicfont.bounds.G_CLEF_8VA.52=0.00000000000000000 -274.56250000000000000 139.56250000000000000 411.42187500000000000
musicfont.bounds.G_CLEF_8VA.53=0.00000000000000000 -279.84375000000000000 142.25000000000000000 419.34375000000000000
musicfont.bounds.G_CLEF_8VA.54=0.00000000000000000 -285.12500000000000000 144.93750000000000000 427.25000000000000000
musicfont.bounds.G_CLEF_8VA.55=0.00000000000000000 -290.40625000000000000 147.62500000000000000 435.17187500000000000
musicfont.bounds.G_CLEF_8VA.56=0.00000000000000000 -295.68750000000000000 150.29687500000000000 443.07812500000000000
musicfont.bounds.G_CLEF_8VA.57=0.00000000000000000 -300.95312500000000000 152.98437500000000000 450.98437500000000000
musicfont.bounds.G_CLEF_8VA.58=0.00000000000000000 -306.23437500000000000 155.67187500000000000 458.89062500000000000
musicfont.bounds.G_CLEF_8VA.59=0.00000000000000000 -311.51562500000000000 158.35937500000000000 466.79687500000000000
musicfont.bounds.G_CLEF_8VA.60=0.00000000000000000 -316.79687500000000000 161.04687500000000000 474.71875000000000000
musicfont.bounds.G_CLEF_8VA.61=0.00000000000000000 -322.07812500000000000 163.71875000000000000 482.62500000000000000
musicfont.bounds.G_CLEF_8VA.62=0.00000000000000000 -327.35937500000000000 166.40625000000000000 490.54687500000000000
musicfont.bounds.G_CLEF_8VA.63=0.00000000000000000 -332.64062500000000000 169.09375000000000000 498.45312500000000000
musicfont.bounds.G_CLEF_8VA.64=0.00000000000000000 -337.92187500000000000 171.78125000000000000 506.37500000000000000
musicfont.bounds.G_CLEF_8VA.65=0.00000000000000000 -343.20312500000000000 174.45312500000000000 514.28125000000000000
musicfont.bounds.G_CLEF_8VA.66=0.00000000000000000 -348.48437500000000000 177.14062500000000000 522.20312500000000000
musicfont.bounds.G_CLEF_8VA.67=0.00000000000000000 -353.76562500000000000 179.82812500000000000 530.10937500000000000
musicfont.bounds.G_CLEF_8VA.68=0.00000000000000000 -359.04687500000000000 182.51562500000000000 538.01562500000000000
musicfont.bounds.G_CLEF_8VA.69=0.00000000000000000 -364.31250000000000000 185.20312500000000000 545.92187500000000000
musicfont.bounds.G_CLEF_8VA.70=0.00000000000000000 -369.59375000000000000 187.87500000000000000 553.82812500000000000
musicfont.bounds.G_CLEF_8VA.71=0.00000000000000000 -374.87500000000000000 190.56250000000000000 561.75000000000000000
musicfont.bounds.G_CLEF_8VA.72=0.00000000000000000 -380.15625000000000000 193.25000000000000000 569.65625000000000000
musicfont.bounds.G_CLEF_8VA.73=0.00000000000000000 -385.43750000000000000 195.93750000000000000 577.57812500000000000
musicfont.bounds.G_CLEF_8VA.74=0.00000000000000000 -390.71875000000000000 198.60937500000000000 585.48437500000000000
musicfont.bounds.G_CLEF_8VA.75=0.00000000000000000 -396.00000000000000000 201.29687500000000000 593.40625000000000000
musicfont.bounds.G_CLEF_8VA.76=0.00000000000000000 -401.28125000000000000 203.98437500000000000 601.31250000000000000
musicfont.bounds.G_CLEF_8VA.77=0.00000000000000000 -406.56250000000000000 206.67187500000000000 609.21875000000000000
musicfont.bounds.G_CLEF_8VA.78=0.00000000000000000 -411.84375000000000000 209.35937500000000000 617.14062500000000000
musicfont.bounds.G_CLEF_8VA.79=0.00000000000000000 -417.12500000000000000 212.03125000000000000 625.04687500000000000
musicfont.bounds.G_CLEF_8VA.80=0.00000000000000000 -422.40625000000000000 214.71875000000000000 632.96875000000000000
musicfont.bounds.G_CLEF_8VA.81=0.00000000000000000 -427.68750000000000000 217.40625000000000000 640.87500000000000000
musicfont.bounds.G_CLEF_8VA.82=0.00000000000000000 -432.95312500000000000 220.09375000000000000 648.78125000000000000
musicfont.bounds.G_CLEF_8VA.83=0.00000000000000000 -438.23437500000000000 222.76562500000000000 656.68750000000000000
musicfont.bounds.G_CLEF_8VA.84=0.00000000000000000 -443.51562500000000000 225.45312500000000000 664.60937500000000000
musicfont.bounds.G_CLEF_8VA.85=0.00000000000000000 -448.79687500000000000 228.14062500000000000 672.51562500000000000
musicfont.bounds.G_CLEF_8VA.86=0.00000000000000000 -454.07812500000000000 230.82812500000000000 680.43750000000000000
musicfont.bounds.G_CLEF_8VA.87=0.00000000000000000 -459.35937500000000000 233.51562500000000000 688.34375000000000000
musicfont.bounds.G_CLEF_8VA.88=0.00000000000000000 -464.64062500000000000 236.18750000000000000 696.25000000000000000
musicfont.bounds.G_CLEF_8VA.89=0.00000000000000000 -469.92187500000000000 238.87500000000000000 704.17187500000000000
musicfont.bounds.G_CLEF_8VA.90=0.00000000000000000 -475.20312500000000000 241.56250000000000000 712.07812500000000000
musicfont.bounds.G_CLEF_8VA.91=0.00000000000000000 -480.48437500000000000 244.25000000000000000 720.00000000000000000
musicfont.bounds.G_CLEF_8VA.92=0.00000000000000000 -485.76562500000000000 246.92187500000000000 727.90625000000000000
musicfont.bounds.G_CLEF_8VA.93=0.00000000000000000 -491.04687500000000000 249.60937500000000000 735.82812500000000000
musicfont.bounds.G_CLEF_8VA.94=0.00000000000000000 -496.31250000000000000 252.29687500000000000 743.71875000000000000
musicfont.bounds.G_CLEF_8VA.95=0.00000000000000000 -501.59375000000000000 254.98437500000000000 751.64062500000000000
musicfont.bounds.G_CLEF_8VA.96=0.00000000000000000 -506.87500000000000000 257.65625000000000000 759.54687500000000000
musicfont.bounds.G_CLEF_8VA.97=0.00000000000000000 -512.15625000000000000 260.34375000000000000 767.45312500000000000
musicfont.bounds.G_CLEF_8VA.98=0.00000000000000000 -517.43750000000000000 263.03125000000000000 775.37500000000000000
musicfont.bounds.G_CLEF_8VA.99=0.00000000000000000 -522.71875000000000000 265.71875000000000000 783.28125000000000000
musicfont.bounds.G_CLEF_8VA.100=0.00000000000000000 -528.00000000000000000 268.40625000000000000 791.20312500000000000
musicfont.bounds.G_CLEF_8VA.101=0.00000000000000000 -533.28125000000000000 271.07812500000000000 799.10937500000000000
musicfont.bounds.G_CLEF_8VA.102=0.00000000000000000 -538.56250000000000000 273.76562500000000000 807.03125000000000000
musicfont.bounds.G_CLEF_8VA.103=0.00000000000000000 -543.84375000000000000 276.45312500000000000 814.93750000000000000
musicfont.bounds.G_CLEF_8VA.104=0.00000000000000000 -549.12500000000000000 279.14062500000000000 822.85937500000000000
musicfont.bounds.G_CLEF_8VA.105=0.00000000000000000 -554.40625000000000000 281.81250000000000000 830.76562500000000000
musicfont.bounds.G_CLEF_8VA.106=0.00000000000000000 -559.68750000000000000 284.50000000000000000 838.67187500000000000
musicfont.bounds.G_CLEF_8VA.107=0.00000000000000000 -564.95312500000000000 287.18750000000000000 846.57812500000000000
musicfont.bounds.G_CLEF_8VA.108=0.00000000000000000 -570.23437500000000000 289.87500000000000000 854.48437500000000000
musicfont.bounds.G_CLEF_8VA.109=0.00000000000000000 -575.51562500000000000 292.56250000000000000 862.40625000000000000
musicfont.bounds.G_CLEF_8VA.110=0.00000000000000000 -580.79687500000000000 295.23437500000000000 870.31250000000000000
musicfont.bounds.G_CLEF_8VA.111=0.00000000000000000 -586.07812500000000000 297.92187500000000000 878.23437500000000000
musicfont.bounds.G_CLEF_8VA.112=0.00000000000000000 -591.35937500000000000 300.60937500000000000 886.14062500000000000
musicfont.bounds.G_CLEF_8VA.113=0.00000000000000000 -596.64062500000000000 303.29687500000000000 894.06250000000000000
musicfont.bounds.G_CLEF_8VA.114=0.00000000000000000 -601.92187500000000000 305.96875000000000000 901.96875000000000000
musicfont.bounds.G_CLEF_8VA.115=0.00000000000000000 -607.20312500000000000 308.65625000000000000 909.89062500000000000
musicfont.bounds.G_CLEF_8VA.116=0.00000000000000000 -612.48437500000000000 311.34375000000000000 917.79687500000000000
musicfont.bounds.G_CLEF_8VA.117=0.00000000000000000 -617.76562500000000000 314.03125000000000000 925.70312500000000000
musicfont.bounds.G_CLEF_8VA.118=0.00000000000000000 -623.04687500000000000 316.71875000000000000 933.62500000000000000
musicfont.bounds.G_CLEF_8VA.119=0.00000000000000000 -628.31250000000000000 319.39062500000000000 941.51562500000000000
musicfont.bounds.G_CLEF_8VA.120=0.00000000000000000 -633.59375000000000000 322.07812500000000000 949.43750000000000000
musicfont.bounds.G_CLEF_8VB.5=0.00000000000000000 -21.95312500000000000 13.42187500000000000 39.51562500000000000
musicfont.bounds.G_CLEF_8VB.6=0.00000000000000000 -26.35937500000000000 16.10937500000000000 47.43750000000000000
musicfont.bounds.G_CLEF_8VB.7=0.00000000000000000 -30.75000000000000000 18.78125000000000000 55.32812500000000000
musicfont.bounds.G_CLEF_8VB.8=0.00000000000000000 -35.14062500000000000 21.46875000000000000 63.23437500000000000
musicfont.bounds.G_CLEF_8VB.9=0.00000000000000000 -39.53125000000000000 24.15625000000000000 71.14062500000000000
musicfont.bounds.G_CLEF_8VB.10=0.00000000000000000 -43.92187500000000000 26.84375000000000000 79.04687500000000000
musicfont.bounds.G_CLEF_8VB.11=0.00000000000000000 -48.31250000000000000 29.53125000000000000 86.93750000000000000
musicfont.bounds.G_CLEF_8VB.12=0.00000000000000000 -52.70312500000000000 32.20312500000000000 94.84375000000000000
musicfont.bounds.G_CLEF_8VB.13=0.00000000000000000 -57.09375000000000000 34.89062500000000000 102.75000000000000000
musicfont.bounds.G_CLEF_8VB.14=0.00000000000000000 -61.48437500000000000 37.57812500000000000 110.65625000000000000
musicfont.bounds.G_CLEF_8VB.15=0.00000000000000000 -65.87500000000000000 40.26562500000000000 118.56250000000000000
musicfont.bounds.G_CLEF_8VB.16=0.00000000000000000 -70.26562500000000000 42.93750000000000000 126.45312500000000000
musicfont.bounds.G_CLEF_8VB.17=0.00000000000000000 -74.67187500000000000 45.62500000000000000 134.37500000000000000
musicfont.bounds.G_CLEF_8VB.18=0.00000000000000000 -79.06250000000000000 48.31250000000000000 142.28125000000000000
musicfont.bounds.G_CLEF_8VB.19=0.00000000000000000 -83.45312500000000000 51.00000000000000000 150.18750000000000000
musicfont.bounds.G_CLEF_8VB.20=0.00000000000000000 -87.84375000000000000 53.68750000000000000 158.07812500000000000
musicfont.bounds.G_CLEF_8VB.21=0.00000000000000000 -92.23437500000000000 56.35937500000000000 165.98437500000000000
musicfont.bounds.G_CLEF_8VB.22=0.00000000000000000 -96.62500000000000000 59.04687500000000000 173.89062500000000000
musicfont.bounds.G_CLEF_8VB.23=0.00000000000000000 -101.01562500000000000 61.73437500000000000 181.79687500000000000
musicfont.bounds.G_CLEF_8VB.24=0.00000000000000000 -105.40625000000000000 64.42187500000000000 189.68750000000000000
musicfont.bounds.G_CLEF_8VB.25=0.00000000000000000 -109.79687500000000000 67.09375000000000000 197.59375000000000000
musicfont.bounds.G_CLEF_8VB.26=0.00000000000000000 -114.18750000000000000 69.78125000000000000 205.50000000000000000
musicfont.bounds.G_CLEF_8VB.27=0.00000000000000000 -118.57812500000000000 72.46875000000000000 213.40625000000000000
musicfont.bounds.G_CLEF_8VB.28=0.00000000000000000 -122.96875000000000000 75.15625000000000000 221.31250000000000000
musicfont.bounds.G_CLEF_8VB.29=0.00000000000000000 -127.37500000000000000 77.84375000000000000 229.21875000000000000
musicfont.bounds.G_CLEF_8VB.30=0.00000000000000000 -131.76562500000000000 80.51562500000000000 237.12500000000000000
musicfont.bounds.G_CLEF_8VB.31=0.00000000000000000 -136.15625000000000000 83.20312500000000000 245.03125000000000000
musicfont.bounds.G_CLEF_8VB.32=0.00000000000000000 -140.54687500000000000 85.89062500000000000 252.93750000000000000
musicfont.bounds.G_CLEF_8VB.33=0.00000000000000000 -144.93750000000000000 88.57812500000000000 260.82812500000000000
musicfont.bounds.G_CLEF_8VB.34=0.00000000000000000 -149.32812500000000000 91.25000000000000000 268.73437500000000000
musicfont.bounds.G_CLEF_8VB.35=0.00000000000000000 -153.71875000000000000 93.93750000000000000 276.64062500000000000
musicfont.bounds.G_CLEF_8VB.36=0.00000000000000000 -158.10937500000000000 96.62500000000000000 284.54687500000000000
musicfont.bounds.G_CLEF_8VB.37=0.00000000000000000 -162.50000000000000000 99.31250000000000000 292.43750000000000000
musicfont.bounds.G_CLEF_8VB.38=0.00000000000000000 -166.89062500000000000 101.98437500000000000 300.34375000000000000
musicfont.bounds.G_CLEF_8VB.39=0.00000000000000000 -171.28125000000000000 104.67187500000000000 308.25000000000000000
musicfont.bounds.G_CLEF_8VB.40=0.00000000000000000 -175.68750000000000000 107.35937500000000000 316.17187500000000000
musicfont.bounds.G_CLEF_8VB.41=0.00000000000000000 -180.07812500000000000 110.04687500000000000 324.06250000000000000
musicfont.bounds.G_CLEF_8VB.42=0.00000000000000000 -184.46875000000000000 112.73437500000000000 331.96875000000000000
musicfont.bounds.G_CLEF_8VB.43=0.00000000000000000 -188.85937500000000000 115.40625000000000000 339.87500000000000000
musicfont.bounds.G_CLEF_8VB.44=0.00000000000000000 -193.25000000000000000 118.09375000000000000 347.78125000000000000
musicfont.bounds.G_CLEF_8VB.45=0.00000000000000000 -197.64062500000000000 120.78125000000000000 355.68750000000000000
musicfont.bounds.G_CLEF_8VB.46=0.00000000000000000 -202.03125000000000000 123.46875000000000000 363.57812500000000000
musicfont.bounds.G_CLEF_8VB.47=0.00000000000000000 -206.42187500000000000 126.14062500000000000 371.48437500000000000
musicfont.bounds.G_CLEF_8VB.48=0.00000000000000000 -210.81250000000000000 128.82812500000000000 379.39062500000000000
musicfont.bounds.G_CLEF_8VB.49=0.00000000000000000 -215.20312500000000000 131.51562500000000000 387.29687500000000000
musicfont.bounds.G_CLEF_8VB.50=0.00000000000000000 -219.59375000000000000 134.20312500000000000 395.18750000000000000
musicfont.bounds.G_CLEF_8VB.51=0.00000000000000000 -223.98437500000000000 136.89062500000000000 403.09375000000000000
musicfont.bounds.G_CLEF_8VB.52=0.00000000000000000 -228.39062500000000000 139.56250000000000000 411.01562500000000000
musicfont.bounds.G_CLEF_8VB.53=0.00000000000000000 -232.78125000000000000 142.25000000000000000 418.92187500000000000
musicfont.bounds.G_CLEF_8VB.54=0.00000000000000000 -237.17187500000000000 144.93750000000000000 426.81250000000000000
musicfont.bounds.G_CLEF_8VB.55=0.00000000000000000 -241.56250000000000000 147.62500000000000000 434.71875000000000000
musicfont.bounds.G_CLEF_8VB.56=0.00000000000000000 -245.95312500000000000 150.29687500000000000 442.62500000000000000
musicfont.bounds.G_CLEF_8VB.57=0.00000000000000000 -250.34375000000000000 152.98437500000000000 450.53125000000000000
musicfont.bounds.G_CLEF_8VB.58=0.00000000000000000 -254.73437500000000000 155.67187500000000000 458.43750000000000000
musicfont.bounds.G_CLEF_8VB.59=0.00000000000000000 -259.12500000000000000 158.35937500000000000 466.32812500000000000
musicfont.bounds.G_CLEF_8VB.60=0.00000000000000000 -263.51562500000000000 161.04687500000000000 474.23437500000000000
musicfont.bounds.G_CLEF_8VB.61=0.00000000000000000 -267.90625000000000000 163.71875000000000000 482.14062500000000000
musicfont.bounds.G_CLEF_8VB.62=0.00000000000000000 -272.29687500000000000 166.40625000000000000 490.04687500000000000
musicfont.bounds.G_CLEF_8VB.63=0.00000000000000000 -276.70312500000000000 169.09375000000000000 497.95312500000000000
musicfont.bounds.G_CLEF_8VB.64=0.00000000000000000 -281.09375000000000000 171.78125000000000000 505.85937500000000000
musicfont.bounds.G_CLEF_8VB.65=0.00000000000000000 -285.48437500000000000 174.45312500000000000 513.76562500000000000
musicfont.bounds.G_CLEF_8VB.66=0.00000000000000000 -289.87500000000000000 177.14062500000000000 521.67187500000000000
musicfont.bounds.G_CLEF_8VB.67=0.00000000000000000 -294.26562500000000000 179.82812500000000000 529.56250000000000000
musicfont.bounds.G_CLEF_8VB.68=0.00000000000000000 -298.65625000000000000 182.51562500000000000 537.46875000000000000
musicfont.bounds.G_CLEF_8VB.69=0.00000000000000000 -303.04687500000000000 185.20312500000000000 545.37500000000000000
musicfont.bounds.G_CLEF_8VB.70=0.00000000000000000 -307.43750000000000000 187.87500000000000000 553.28125000000000000
musicfont.bounds.G_CLEF_8VB.71=0.00000000000000000 -311.82812500000000000 190.56250000000000000 561.18750000000000000
musicfont.bounds.G_CLEF_8VB.72=0.00000000000000000 -316.21875000000000000 193.25000000000000000 569.07812500000000000
musicfont.bounds.G_CLEF_8VB.73=0.00000000000000000 -320.60937500000000000 195.93750000000000000 576.98437500000000000
musicfont.bounds.G_CLEF_8VB.74=0.00000000000000000 -325.01562500000000000 198.60937500000000000 584.90625000000000000
musicfont.bounds.G_CLEF_8VB.75=0.00000000000000000 -329.40625000000000000 201.29687500000000000 592.81250000000000000
musicfont.bounds.G_CLEF_8VB.76=0.00000000000000000 -333.79687500000000000 203.98437500000000000 600.70312500000000000
musicfont.bounds.G_CLEF_8VB.77=0.00000000000000000 -338.18750000000000000 206.67187500000000000 608.60937500000000000
musicfont.bounds.G_CLEF_8VB.78=0.00000000000000000 -342.57812500000000000 209.35937500000000000 616.51562500000000000
musicfont.bounds.G_CLEF_8VB.79=0.00000000000000000 -346.96875000000000000 212.03125000000000000 624.42187500000000000
musicfont.bounds.G_CLEF_8VB.80=0.00000000000000000 -351.35937500000000000 214.71875000000000000 632.31250000000000000
musicfont.bounds.G_CLEF_8VB.81=0.00000000000000000 -355.75000000000000000 217.40625000000000000 640.21875000000000000
musicfont.bounds.G_CLEF_8VB.82=0.00000000000000000 -360.14062500000000000 220.09375000000000000 648.12500000000000000
musicfont.bounds.G_CLEF_8VB.83=0.00000000000000000 -364.53125000000000000 222.76562500000000000 656.03125000000000000
musicfont.bounds.G_CLEF_8VB.84=0.00000000000000000 -368.92187500000000000 225.45312500000000000 663.93750000000000000
musicfont.bounds.G_CLEF_8VB.85=0.00000000000000000 -373.31250000000000000 228.14062500000000000 671.82812500000000000
musicfont.bounds.G_CLEF_8VB.86=0.00000000000000000 -377.71875000000000000 230.82812500000000000 679.75000000000000000
musicfont.bounds.G_CLEF_8VB.87=0.00000000000000000 -382.10937500000000000 233.51562500000000000 687.65625000000000000
musicfont.bounds.G_CLEF_8VB.88=0.00000000000000000 -386.50000000000000000 236.18750000000000000 695.56250000000000000
musicfont.bounds.G_CLEF_8VB.89=0.00000000000000000 -390.89062500000000000 238.87500000000000000 703.45312500000000000
musicfont.bounds.G_CLEF_8VB.90=0.00000000000000000 -395.28125000000000000 241.56250000000000000 711.35937500000000000
musicfont.bounds.G_CLEF_8VB.91=0.00000000000000000 -399.67187500000000000 244.25000000000000000 719.26562500000000000
musicfont.bounds.G_CLEF_8VB.92=0.00000000000000000 -404.06250000000000000 246.92187500000000000 727.17187500000000000
musicfont.bounds.G_CLEF_8VB.93=0.00000000000000000 -408.45312500000000000 249.60937500000000000 735.06250000000000000
musicfont.bounds.G_CLEF_8VB.94=0.00000000000000000 -412.84375000000000000 252.29687500000000000 742.96875000000000000
musicfont.bounds.G_CLEF_8VB.95=0.00000000000000000 -417.23437500000000000 254.98437500000000000 750.87500000000000000
musicfont.bounds.G_CLEF_8VB.96=0.00000000000000000 -421.62500000000000000 257.65625000000000000 758.78125000000000000
musicfont.bounds.G_CLEF_8VB.97=0.00000000000000000 -426.03125000000000000 260.34375000000000000 766.68750000000000000
musicfont.bounds.G_CLEF_8VB.98=0.00000000000000000 -430.42187500000000000 263.03125000000000000 774.59375000000000000
musicfont.bounds.G_CLEF_8VB.99=0.00000000000000000 -434.81250000000000000 265.71875000000000000 782.50000000000000000
musicfont.bounds.G_CLEF_8VB.100=0.00000000000000000 -439.20312500000000000 268.40625000000000000 790.40625000000000000
musicfont.bounds.G_CLEF_8VB.101=0.00000000000000000 -443.59375000000000000 271.07812500000000000 798.31250000000000000
musicfont.bounds.G_CLEF_8VB.102=0.00000000000000000 -447.98437500000000000 273.76562500000000000 806.20312500000000000
musicfont.bounds.G_CLEF_8VB.103=0.00000000000000000 -452.37500000000000000 276.45312500000000000 814.10937500000000000
musicfont.bounds.G_CLEF_8VB.104=0.00000000000000000 -456.76562500000000000 279.14062500000000000 822.01562500000000000
musicfont.bounds.G_CLEF_8VB.105=0.00000000000000000 -461.15625000000000000 281.81250000000000000 829.92187500000000000
musicfont.bounds.G_CLEF_8VB.106=0.00000000000000000 -465.54687500000000000 284.50000000000000000 837.81250000000000000
musicfont.bounds.G_CLEF_8VB.107=0.00000000000000000 -469.93750000000000000 287.18750000000000000 845.71875000000000000
musicfont.bounds.G_CLEF_8VB.108=0.00000000000000000 -474.32812500000000000 289.87500000000000000 853.62500000000000000
musicfont.bounds.G_CLEF_8VB.109=0.00000000000000000 -478.73437500000000000 292.56250000000000000 861.54687500000000000
musicfont.bounds.G_CLEF_8VB.110=0.00000000000000000 -483.12500000000000000 295.23437500000000000 869.43750000000000000
musicfont.bounds.G_CLEF_8VB.111=0.00000000000000000 -487.51562500000000000 297.92187500000000000 877.34375000000000000
musicfont.bounds.G_CLEF_8VB.112=0.00000000000000000 -491.90625000000000000 300.60937500000000000 885.25000000000000000
musicfont.bounds.G_CLEF_8VB.113=0.00000000000000000 -496.29687500000000000 303.29687500000000000 893.15625000000000000
musicfont.bounds.G_CLEF_8VB.114=0.00000000000000000 -500.68750000000000000 305.96875000000000000 901.06250000000000000
musicfont.bounds.G_CLEF_8VB.115=0.00000000000000000 -505.07812500000000000 308.65625000000000000 908.95312500000000000
musicfont.bounds.G_CLEF_8VB.116=0.00000000000000000 -509.46875000000000000 311.34375000000000000 916.85937500000000000
musicfont.bounds.G_CLEF_8VB.117=0.00000000000000000 -513.85937500000000000 314.03125000000000000 924.76562500000000000
musicfont.bounds.G_CLEF_8VB.118=0.00000000000000000 -518.25000000000000000 316.71875000000000000 932.67187500000000000
musicfont.bounds.G_CLEF_8VB.119=0.00000000000000000 -522.64062500000000000 319.39062500000000000 940.56250000000000000
musicfont.bounds.G_CLEF_8VB.120=0.00000000000000000 -527.04687500000000000 322.07812500000000000 948.48437500000000000
musicfont.bounds.C_CLEF.5=0.00000000000000000 -10.12500000000000000 13.98437500000000000 20.25000000000000000
musicfont.bounds.C_CLEF.6=0.00000000000000000 -12.14062500000000000 16.78125000000000000 24.28125000000000000
musicfont.bounds.C_CLEF.7=0.00000000000000000 -14.17187500000000000 19.57812500000000000 28.34375000000000000
musicfont.bounds.C_CLEF.8=0.00000000000000000 -16.18750000000000000 22.37500000000000000 32.37500000000000000
musicfont.bounds.C_CLEF.9=0.00000000000000000 -18.21875000000000000 25.15625000000000000 36.43750000000000000
musicfont.bounds.C_CLEF.10=0.00000000000000000 -20.23437500000000000 27.95312500000000000 40.46875000000000000
musicfont.bounds.C_CLEF.11=0.00000000000000000 -22.26562500000000000 30.75000000000000000 44.53125000000000000
musicfont.bounds.C_CLEF.12=0.00000000000000000 -24.28125000000000000 33.54687500000000000 48.56250000000000000
musicfont.bounds.C_CLEF.13=0.00000000000000000 -26.31250000000000000 36.34375000000000000 52.62500000000000000
musicfont.bounds.C_CLEF.14=0.00000000000000000 -28.34375000000000000 39.14062500000000000 56.68750000000000000
musicfont.bounds.C_CLEF.15=0.00000000000000000 -30.35937500000000000 41.93750000000000000 60.71875000000000000
musicfont.bounds.C_CLEF.16=0.00000000000000000 -32.39062500000000000 44.73437500000000000 64.78125000000000000
musicfont.bounds.C_CLEF.17=0.00000000000000000 -34.40625000000000000 47.53125000000000000 68.81250000000000000
musicfont.bounds.C_CLEF.18=0.00000000000000000 -36.43750000000000000 50.32812500000000000 72.87500000000000000
musicfont.bounds.C_CLEF.19=0.00000000000000000 -38.45312500000000000 53.12500000000000000 76.90625000000000000
musicfont.bounds.C_CLEF.20=0.00000000000000000 -40.48437500000000000 55.92187500000000000 80.96875000000000000
musicfont.bounds.C_CLEF.21=0.00000000000000000 -42.50000000000000000 58.71875000000000000 85.00000000000000000
musicfont.bounds.C_CLEF.22=0.00000000000000000 -44.53125000000000000 61.51562500000000000 89.06250000000000000
musicfont.bounds.C_CLEF.23=0.00000000000000000 -46.54687500000000000 64.31250000000000000 93.09375000000000000
musicfont.bounds.C_CLEF.24=0.00000000000000000 -48.57812500000000000 67.10937500000000000 97.15625000000000000
musicfont.bounds.C_CLEF.25=0.00000000000000000 -50.59375000000000000 69.90625000000000000 101.18750000000000000
musicfont.bounds.C_CLEF.26=0.00000000000000000 -52.62500000000000000 72.70312500000000000 105.25000000000000000
musicfont.bounds.C_CLEF.27=0.00000000000000000 -54.64062500000000000 75.48437500000000000 109.28125000000000000
musicfont.bounds.C_CLEF.28=0.00000000000000000 -56.67187500000000000 78.28125000000000000 113.34375000000000000
musicfont.bounds.C_CLEF.29=0.00000000000000000 -58.70312500000000000 81.07812500000000000 117.40625000000000000
musicfont.bounds.C_CLEF.30=0.00000000000000000 -60.71875000000000000 83.87500000000000000 121.43750000000000000
musicfont.bounds.C_CLEF.31=0.00000000000000000 -62.75000000000000000 86.67187500000000000 125.50000000000000000
musicfont.bounds.C_CLEF.32=0.00000000000000000 -64.76562500000000000 89.46875000000000000 129.53125000000000000
musicfont.bounds.C_CLEF.33=0.00000000000000000 -66.79687500000000000 92.26562500000000000 133.59375000000000000
musicfont.bounds.C_CLEF.34=0.00000000000000000 -68.81250000000000000 95.06250000000000000 137.62500000000000000
musicfont.bounds.C_CLEF.35=0.00000000000000000 -70.84375000000000000 97.85937500000000000 141.68750000000000000
musicfont.bounds.C_CLEF.36=0.00000000000000000 -72.85937500000000000 100.65625000000000000 145.71875000000000000
musicfont.bounds.C_CLEF.37=0.00000000000000000 -74.89062500000000000 103.45312500000000000 149.78125000000000000
musicfont.bounds.C_CLEF.38=0.00000000000000000 -76.90625000000000000 106.25000000000000000 153.81250000000000000
musicfont.bounds.C_CLEF.39=0.00000000000000000 -78.93750000000000000 109.04687500000000000 157.87500000000000000
musicfont.bounds.C_CLEF.40=0.00000000000000000 -80.95312500000000000 111.84375000000000000 161.90625000000000000
musicfont.bounds.C_CLEF.41=0.00000000000000000 -82.98437500000000000 114.64062500000000000 165.96875000000000000
musicfont.bounds.C_CLEF.42=0.00000000000000000 -85.01562500000000000 117.43750000000000000 170.03125000000000000
musicfont.bounds.C_CLEF.43=0.00000000000000000 -87.03125000000000000 120.23437500000000000 174.06250000000000000
musicfont.bounds.C_CLEF.44=0.00000000000000000 -89.06250000000000000 123.03125000000000000 178.12500000000000000
musicfont.bounds.C_CLEF.45=0.00000000000000000 -91.07812500000000000 125.81250000000000000 182.15625000000000000
musicfont.bounds.C_CLEF.46=0.00000000000000000 -93.10937500000000000 128.60937500000000000 186.21875000000000000
musicfont.bounds.C_CLEF.47=0.00000000000000000 -95.12500000000000000 131.40625000000000000 190.25000000000000000
musicfont.bounds.C_CLEF.48=0.00000000000000000 -97.15625000000000000 134.20312500000000000 194.31250000000000000
musicfont.bounds.C_CLEF.49=0.00000000000000000 -99.17187500000000000 137.00000000000000000 198.34375000000000000
musicfont.bounds.C_CLEF.50=0.00000000000000000 -101.20312500000000000 139.79687500000000000 202.40625000000000000
musicfont.bounds.C_CLEF.51=0.00000000000000000 -103.21875000000000000 142.59375000000000000 206.43750000000000000
musicfont.bounds.C_CLEF.52=0.00000000000000000 -105.25000000000000000 145.39062500000000000 210.50000000000000000
musicfont.bounds.C_CLEF.53=0.00000000000000000 -107.26562500000000000 148.18750000000000000 214.53125000000000000
musicfont.bounds.C_CLEF.54=0.00000000000000000 -109.29687500000000000 150.98437500000000000 218.59375000000000000
musicfont.bounds.C_CLEF.55=0.00000000000000000 -111.31250000000000000 153.78125000000000000 222.62500000000000000
musicfont.bounds.C_CLEF.56=0.00000000000000000 -113.34375000000000000 156.57812500000000000 226.68750000000000000
musicfont.bounds.C_CLEF.57=0.00000000000000000 -115.37500000000000000 159.37500000000000000 230.75000000000000000
musicfont.bounds.C_CLEF.58=0.00000000000000000 -117.39062500000000000 162.17187500000000000 234.78125000000000000
musicfont.bounds.C_CLEF.59=0.00000000000000000 -119.42187500000000000 164.96875000000000000 238.84375000000000000
musicfont.bounds.C_CLEF.60=0.00000000000000000 -121.43750000000000000 167.76562500000000000 242.87500000000000000
musicfont.bounds.C_CLEF.61=0.00000000000000000 -123.46875000000000000 170.56250000000000000 246.93750000000000000
musicfont.bounds.C_CLEF.62=0.00000000000000000 -125.48437500000000000 173.35937500000000000 250.96875000000000000
musicfont.bounds.C_CLEF.63=0.00000000000000000 -127.51562500000000000 176.14062500000000000 255.03125000000000000
musicfont.bounds.C_CLEF.64=0.00000000000000000 -129.53125000000000000 178.93750000000000000 259.06250000000000000
musicfont.bounds.C_CLEF.65=0.00000000000000000 -131.56250000000000000 181.73437500000000000 263.12500000000000000
musicfont.bounds.C_CLEF.66=0.00000000000000000 -133.57812500000000000 184.53125000000000000 267.15625000000000000
musicfont.bounds.C_CLEF.67=0.00000000000000000 -135.60937500000000000 187.32812500000000000 271.21875000000000000
musicfont.bounds.C_CLEF.68=0.00000000000000000 -137.62500000000000000 190.12500000000000000 275.25000000000000000
musicfont.bounds.C_CLEF.69=0.00000000000000000 -139.65625000000000000 192.92187500000000000 279.31250000000000000
musicfont.bounds.C_CLEF.70=0.00000000000000000 -141.68750000000000000 195.71875000000000000 283.37500000000000000
musicfont.bounds.C_CLEF.71=0.00000000000000000 -143.70312500000000000 198.51562500000000000 287.40625000000000000
musicfont.bounds.C_CLEF.72=0.00000000000000000 -145.73437500000000000 201.31250000000000000 291.46875000000000000
musicfont.bounds.C_CLEF.73=0.00000000000000000 -147.75000000000000000 204.10937500000000000 295.50000000000000000
musicfont.bounds.C_CLEF.74=0.00000000000000000 -149.78125000000000000 206.90625000000000000 299.56250000000000000
musicfont.bounds.C_CLEF.75=0.00000000000000000 -151.79687500000000000 209.70312500000000000 303.59375000000000000
musicfont.bounds.C_CLEF.76=0.00000000000000000 -153.82812500000000000 212.50000000000000000 307.65625000000000000
musicfont.bounds.C_CLEF.77=0.00000000000000000 -155.84375000000000000 215.29687500000000000 311.68750000000000000
musicfont.bounds.C_CLEF.78=0.00000000000000000 -157.87500000000000000 218.09375000000000000 315.75000000000000000
musicfont.bounds.C_CLEF.79=0.00000000000000000 -159.89062500000000000 220.89062500000000000 319.78125000000000000
musicfont.bounds.C_CLEF.80=0.00000000000000000 -161.92187500000000000 223.68750000000000000 323.84375000000000000
musicfont.bounds.C_CLEF.81=0.00000000000000000 -163.93750000000000000 226.46875000000000000 327.87500000000000000
musicfont.bounds.C_CLEF.82=0.00000000000000000 -165.96875000000000000 229.26562500000000000 331.93750000000000000
musicfont.bounds.C_CLEF.83=0.00000000000000000 -167.98437500000000000 232.06250000000000000 335.96875000000000000
musicfont.bounds.C_CLEF.84=0.00000000000000000 -170.01562500000000000 234.85937500000000000 340.03125000000000000
musicfont.bounds.C_CLEF.85=0.00000000000000000 -172.04687500000000000 237.65625000000000000 344.09375000000000000
musicfont.bounds.C_CLEF.86=0.00000000000000000 -174.06250000000000000 240.45312500000000000 348.12500000000000000
musicfont.bounds.C_CLEF.87=0.00000000000000000 -176.09375000000000000 243.25000000000000000 352.18750000000000000
musicfont.bounds.C_CLEF.88=0.00000000000000000 -178.10937500000000000 246.04687500000000000 356.21875000000000000
musicfont.bounds.C_CLEF.89=0.00000000000000000 -180.14062500000000000 248.84375000000000000 360.28125000000000000
musicfont.bounds.C_CLEF.90=0.00000000000000000 -182.15625000000000000 251.64062500000000000 364.31250000000000000
musicfont.bounds.C_CLEF.91=0.00000000000000000 -184.18750000000000000 254.43750000000000000 368.37500000000000000
musicfont.bounds.C_CLEF.92=0.00000000000000000 -186.20312500000000000 257.23437500000000000 372.40625000000000000
musicfont.bounds.C_CLEF.93=0.00000000000000000 -188.23437500000000000 260.03125000000000000 376.46875000000000000
musicfont.bounds.C_CLEF.94=0.00000000000000000 -190.25000000000000000 262.82812500000000000 380.50000000000000000
musicfont.bounds.C_CLEF.95=0.00000000000000000 -192.28125000000000000 265.62500000000000000 384.56250000000000000
musicfont.bounds.C_CLEF.96=0.00000000000000000 -194.29687500000000000 268.42187500000000000 388.59375000000000000
musicfont.bounds.C_CLEF.97=0.00000000000000000 -196.32812500000000000 271.21875000000000000 392.65625000000000000
musicfont.bounds.C_CLEF.98=0.00000000000000000 -198.35937500000000000 274.01562500000000000 396.71875000000000000
musicfont.bounds.C_CLEF.99=0.00000000000000000 -200.37500000000000000 276.79687500000000000 400.75000000000000000
musicfont.bounds.C_CLEF.100=0.00000000000000000 -202.40625000000000000 279.59375000000000000 404.81250000000000000
musicfont.bounds.C_CLEF.101=0.00000000000000000 -204.42187500000000000 282.39062500000000000 408.84375000000000000
musicfont.bounds.C_CLEF.102=0.00000000000000000 -206.45312500000000000 285.18750000000000000 412.90625000000000000
musicfont.bounds.C_CLEF.103=0.00000000000000000 -208.46875000000000000 287.98437500000000000 416.93750000000000000
musicfont.bounds.C_CLEF.104=0.00000000000000000 -210.50000000000000000 290.78125000000000000 421.00000000000000000
musicfont.bounds.C_CLEF.105=0.00000000000000000 -212.51562500000000000 293.57812500000000000 425.03125000000000000
musicfont.bounds.C_CLEF.106=0.00000000000000000 -214.54687500000000000 296.37500000000000000 429.09375000000000000
musicfont.bounds.C_CLEF.107=0.00000000000000000 -216.56250000000000000 299.17187500000000000 433.12500000000000000
musicfont.bounds.C_CLEF.108=0.00000000000000000 -218.59375000000000000 301.96875000000000000 437.18750000000000000
musicfont.bounds.C_CLEF.109=0.00000000000000000 -220.60937500000000000 304.76562500000000000 441.21875000000000000
musicfont.bounds.C_CLEF.110=0.00000000000000000 -222.64062500000000000 307.56250000000000000 445.28125000000000000
musicfont.bounds.C_CLEF.111=0.00000000000000000 -224.65625000000000000 310.35937500000000000 449.31250000000000000
musicfont.bounds.C_CLEF.112=0.00000000000000000 -226.68750000000000000 313.15625000000000000 453.37500000000000000
musicfont.bounds.C_CLEF.113=0.00000000000000000 -228.71875000000000000 315.95312500000000000 457.43750000000000000
musicfont.bounds.C_CLEF.114=0.00000000000000000 -230.73437500000000000 318.75000000000000000 461.46875000000000000
musicfont.bounds.C_CLEF.115=0.00000000000000000 -232.76562500000000000 321.54687500000000000 465.53125000000000000
musicfont.bounds.C_CLEF.116=0.00000000000000000 -234.78125000000000000 324.34375000000000000 469.56250000000000000
musicfont.bounds.C_CLEF.117=0.00000000000000000 -236.81250000000000000 327.12500000000000000 473.62500000000000000
musicfont.bounds.C_CLEF.118=0.00000000000000000 -238.82812500000000000 329.92187500000000000 477.65625000000000000
musicfont.bounds.C_CLEF.119=0.00000000000000000 -240.85937500000000000 332.71875000000000000 481.71875000000000000
musicfont.bounds.C_CLEF.120=0.00000000000000000 -242.87500000000000000 335.51562500000000000 485.75000000000000000
musicfont.bounds.PERCUSSION_CLEF.5=0.00000000000000000 -5.00000000000000000 7.64062500000000000 10.00000000000000000
musicfont.bounds.PERCUSSION_CLEF.6=0.00000000000000000 -6.00000000000000000 9.17187500000000000 12.00000000000000000
musicfont.bounds.PERCUSSION_CLEF.7=0.00000000000000000 -7.00000000000000000 10.70312500000000000 14.00000000000000000
musicfont.bounds.PERCUSSION_CLEF.8=0.00000000000000000 -8.00000000000000000 12.21875000000000000 16.00000000000000000
musicfont.bounds.PERCUSSION_CLEF.9=0.00000000000000000 -9.00000000000000000 13.75000000000000000 18.00000000000000000
musicfont.bounds.PERCUSSION_CLEF.10=0.00000000000000000 -10.00000000000000000 15.28125000000000000 20.00000000000000000
musicfont.bounds.PERCUSSION_CLEF.11=0.00000000000000000 -11.00000000000000000 16.81250000000000000 22.00000000000000000
musicfont.bounds.PERCUSSION_CLEF.12=0.00000000000000000 -12.00000000000000000 18.34375000000000000 24.00000000000000000
musicfont.bounds.PERCUSSION_CLEF.13=0.00000000000000000 -13.00000000000000000 19.85937500000000000 26.00000000000000000
musicfont.bounds.PERCUSSION_CLEF.14=0.00000000000000000 -14.00000000000000000 21.39062500000000000 28.00000000000000000
musicfont.bounds.PERCUSSION_CLEF.15=0.00000000000000000 -15.00000000000000000 22.92187500000000000 30.00000000000000000
musicfont.bounds.PERCUSSION_CLEF.16=0.00000000000000000 -16.00000000000000000 24.45312500000000000 32.00000000000000000
musicfont.bounds.PERCUSSION_CLEF.17=0.00000000000000000 -17.00000000000000000 25.96875000000000000 34.00000000000000000
musicfont.bounds.PERCUSSION_CLEF.18=0.00000000000000000 -18.00000000000000000 27.50000000000000000 36.00000000000000000
musicfont.bounds.PERCUSSION_CLEF.19=0.00000000000000000 -19.00000000000000000 29.03125000000000000 38.00000000000000000
musicfont.bounds.PERCUSSION_CLEF.20=0.00000000000000000 -20.00000000000000000 30.56250000000000000 40.00000000000000000
musicfont.bounds.PERCUSSION_CLEF.21=0.00000000000000000 -21.00000000000000000 32.09375000000000000 42.00000000000000000
musicfont.bounds.PERCUSSION_CLEF.22=0.00000000000000000 -22.00000000000000000 33.60937500000000000 44.00000000000000000
musicfont.bounds.PERCUSSION_CLEF.23=0.00000000000000000 -23.00000000000000000 35.14062500000000000 46.00000000000000000
musicfont.bounds.PERCUSSION_CLEF.24=0.00000000000000000 -24.00000000000000000 36.67187500000000000 48.00000000000000000
musicfont.bounds.PERCUSSION_CLEF.25=0.00000000000000000 -25.00000000000000000 38.20312500000000000 50.00000000000000000
musicfont.bounds.PERCUSSION_CLEF.26=0.00000000000000000 -26.00000000000000000 39.73437500000000000 52.00000000000000000
musicfont.bounds.PERCUSSION_CLEF.27=0.00000000000000000 -27.00000000000000000 41.25000000000000000 54.00000000000000000
musicfont.bounds.PERCUSSION_CLEF.28=0.00000000000000000 -28.00000000000000000 42.78125000000000000 56.00000000000000000
musicfont.bounds.PERCUSSION_CLEF.29=0.00000000000000000 -29.00000000000000000 44.31250000000000000 58.00000000000000000
musicfont.bounds.PERCUSSION_CLEF.30=0.00000000000000000 -30.00000000000000000 45.84375000000000000 60.00000000000000000
musicfont.bounds.PERCUSSION_CLEF.31=0.00000000000000000 -31.00000000000000000 47.37500000000000000 62.00000000000000000
musicfont.bounds.PERCUSSION_CLEF.32=0.00000000000000000 -32.00000000000000000 48.89062500000000000 64.00000000000000000
musicfont.bounds.PERCUSSION_CLEF.33=0.00000000000000000 -33.00000000000000000 50.42187500000000000 66.00000000000000000
musicfont.bounds.PERCUSSION_CLEF.34=0.00000000000000000 -34.00000000000000000 51.95312500000000000 68.00000000000000000
musicfont.bounds.PERCUSSION_CLEF.35=0.00000000000000000 -35.00000000000000000 53.48437500000000000 70.00000000000000000
musicfont.bounds.PERCUSSION_CLEF.36=0.00000000000000000 -36.00000000000000000 55.01562500000000000 72.00000000000000000
musicfont.bounds.PERCUSSION_CLEF.37=0.00000000000000000 -37.00000000000000000 56.53125000000000000 74.00000000000000000
musicfont.bounds.PERCUSSION_CLEF.38=0.00000000000000000 -38.00000000000000000 58.06250000000000000 76.00000000000000000
musicfont.bounds.PERCUSSION_CLEF.39=0.00000000000000000 -39.00000000000000000 59.59375000000000000 78.00000000000000000
musicfont.bounds.PERCUSSION_CLEF.40=0.00000000000000000 -40.00000000000000000 61.12500000000000000 80.00000000000000000
musicfont.bounds.PERCUSSION_CLEF.41=0.00000000000000000 -41.00000000000000000 62.64062500000000000 82.00000000000000000
musicfont.bounds.PERCUSSION_CLEF.42=0.00000000000000000 -42.00000000000000000 64.17187500000000000 84.00000000000000000
musicfont.bounds.PERCUSSION_CLEF.43=0.00000000000000000 -43.00000000000000000 65.70312500000000000 86.00000000000000000
musicfont.bounds.PERCUSSION_CLEF.44=0.00000000000000000 -44.00000000000000000 67.23437500000000000 88.00000000000000000
musicfont.bounds.PERCUSSION_CLEF.45=0.00000000000000000 -45.00000000000000000 68.76562500000000000 90.00000000000000000
musicfont.bounds.PERCUSSION_CLEF.46=0.00000000000000000 -46.00000000000000000 70.28125000000000000 92.00000000000000000
musicfont.bounds.PERCUSSION_CLEF.47=0.00000000000000000 -47.00000000000000000 71.81250000000000000 94.00000000000000000
musicfont.bounds.PERCUSSION_CLEF.48=0.00000000000000000 -48.00000000000000000 73.34375000000000000 96.00000000000000000
musicfont.bounds.PERCUSSION_CLEF.49=0.00000000000000000 -49.00000000000000000 74.87500000000000000 98.00000000000000000
musicfont.bounds.PERCUSSION_CLEF.50=0.00000000000000000 -50.00000000000000000 76.40625000000000000 100.00000000000000000
musicfont.bounds.PERCUSSION_CLEF.51=0.00000000000000000 -51.00000000000000000 77.92187500000000000 102.00000000000000000
musicfont.bounds.PERCUSSION_CLEF.52=0.00000000000000000 -52.00000000000000000 79.45312500000000000 104.00000000000000000
musicfont.bounds.PERCUSSION_CLEF.53=0.00000000000000000 -53.00000000000000000 80.98437500000000000 106.00000000000000000
musicfont.bounds.PERCUSSION_CLEF.54=0.00000000000000000 -54.00000000000000000 82.51562500000000000 108.00000000000000000
musicfont.bounds.PERCUSSION_CLEF.55=0.00000000000000000 -55.00000000000000000 84.04687500000000000 110.00000000000000000
musicfont.bounds.PERCUSSION_CLEF.56=0.00000000000000000 -56.00000000000000000 85.56250000000000000 112.00000000000000000
musicfont.bounds.PERCUSSION_CLEF.57=0.00000000000000000 -57.00000000000000000 87.09375000000000000 114.00000000000000000
musicfont.bounds.PERCUSSION_CLEF.58=0.00000000000000000 -58.00000000000000000 88.62500000000000000 116.00000000000000000
musicfont.bounds.PERCUSSION_CLEF.59=0.00000000000000000 -59.00000000000000000 90.15625000000000000 118.00000000000000000
musicfont.bounds.PERCUSSION_CLEF.60=0.00000000000000000 -60.00000000000000000 91.68750000000000000 120.00000000000000000
musicfont.bounds.PERCUSSION_CLEF.61=0.00000000000000000 -61.00000000000000000 93.20312500000000000 122.00000000000000000
musicfont.bounds.PERCUSSION_CLEF.62=0.00000000000000000 -62.00000000000000000 94.73437500000000000 124.00000000000000000
musicfont.bounds.PERCUSSION_CLEF.63=0.00000000000000000 -63.00000000000000000 96.26562500000000000 126.00000000000000000
musicfont.bounds.PERCUSSION_CLEF.64=0.00000000000000000 -64.00000000000000000 97.79687500000000000 128.00000000000000000
musicfont.bounds.PERCUSSION_CLEF.65=0.00000000000000000 -65.00000000000000000 99.31250000000000000 130.00000000000000000
musicfont.bounds.PERCUSSION_CLEF.66=0.00000000000000000 -66.00000000000000000 100.84375000000000000 132.00000000000000000
musicfont.bounds.PERCUSSION_CLEF.67=0.00000000000000000 -67.00000000000000000 102.37500000000000000 134.00000000000000000
musicfont.bounds.PERCUSSION_CLEF.68=0.00000000000000000 -68.00000000000000000 103.90625000000000000 136.00000000000000000
musicfont.bounds.PERCUSSION_CLEF.69=0.00000000000000000 -69.00000000000000000 105.43750000000000000 138.00000000000000000
musicfont.bounds.PERCUSSION_CLEF.70=0.00000000000000000 -70.00000000000000000 106.95312500000000000 140.00000000000000000
musicfont.bounds.PERCUSSION_CLEF.71=0.00000000000000000 -71.00000000000000000 108.48437500000000000 142.00000000000000000
musicfont.bounds.PERCUSSION_CLEF.72=0.00000000000000000 -72.00000000000000000 110.01562500000000000 144.00000000000000000
musicfont.bounds.PERCUSSION_CLEF.73=0.00000000000000000 -73.00000000000000000 111.54687500000000000 146.00000000000000000
musicfont.bounds.PERCUSSION_CLEF.74=0.00000000000000000 -74.00000000000000000 113.07812500000000000 148.00000000000000000
musicfont.bounds.PERCUSSION_CLEF.75=0.00000000000000000 -75.00000000000000000 114.59375000000000000 150.00000000000000000
musicfont.bounds.PERCUSSION_CLEF.76=0.00000000000000000 -76.00000000000000000 116.12500000000000000 152.00000000000000000
musicfont.bounds.PERCUSSION_CLEF.77=0.00000000000000000 -77.00000000000000000 117.65625000000000000 154.00000000000000000
musicfont.bounds.PERCUSSION_CLEF.78=0.00000000000000000 -78.00000000000000000 119.18750000000000000 156.00000000000000000
musicfont.bounds.PERCUSSION_CLEF.79=0.00000000000000000 -79.00000000000000000 120.71875000000000000 158.00000000000000000
musicfont.bounds.PERCUSSION_CLEF.80=0.00000000000000000 -80.00000000000000000 122.23437500000000000 160.00000000000000000
musicfont.bounds.PERCUSSION_CLEF.81=0.00000000000000000 -81.00000000000000000 123.76562500000000000 162.00000000000000000
musicfont.bounds.PERCUSSION_CLEF.82=0.00000000000000000 -82.00000000000000000 125.29687500000000000 164.00000000000000000
musicfont.bounds.PERCUSSION_CLEF.83=0.00000000000000000 -83.00000000000000000 126.82812500000000000 166.00000000000000000
musicfont.bounds.PERCUSSION_CLEF.84=0.00000000000000000 -84.00000000000000000 128.35937500000000000 168.00000000000000000
musicfont.bounds.PERCUSSION_CLEF.85=0.00000000000000000 -85.00000000000000000 129.87500000000000000 170.00000000000000000
musicfont.bounds.PERCUSSION_CLEF.86=0.00000000000000000 -86.00000000000000000 131.40625000000000000 172.00000000000000000
musicfont.bounds.PERCUSSION_CLEF.87=0.00000000000000000 -87.00000000000000000 132.93750000000000000 174.00000000000000000
musicfont.bounds.PERCUSSION_CLEF.88=0.00000000000000000 -88.00000000000000000 134.46875000000000000 176.00000000000000000
musicfont.bounds.PERCUSSION_CLEF.89=0.00000000000000000 -89.00000000000000000 135.98437500000000000 178.00000000000000000
musicfont.bounds.PERCUSSION_CLEF.90=0.00000000000000000 -90.00000000000000000 137.51562500000000000 180.00000000000000000
musicfont.bounds.PERCUSSION_CLEF.91=0.00000000000000000 -91.00000000000000000 139.04687500000000000 182.00000000000000000
musicfont.bounds.PERCUSSION_CLEF.92=0.00000000000000000 -92.00000000000000000 140.57812500000000000 184.00000000000000000
musicfont.bounds.PERCUSSION_CLEF.93=0.00000000000000000 -93.00000000000000000 142.10937500000000000 186.00000000000000000
musicfont.bounds.PERCUSSION_CLEF.94=0.00000000000000000 -94.00000000000000000 143.62500000000000000 188.00000000000000000
musicfont.bounds.PERCUSSION_CLEF.95=0.00000000000000000 -95.00000000000000000 145.15625000000000000 190.00000000000000000
musicfont.bounds.PERCUSSION_CLEF.96=0.00000000000000000 -96.00000000000000000 146.68750000000000000 192.00000000000000000
musicfont.bounds.PERCUSSION_CLEF.97=0.00000000000000000 -97.00000000000000000 148.21875000000000000 194.00000000000000000
musicfont.bounds.PERCUSSION_CLEF.98=0.00000000000000000 -98.00000000000000000 149.75000000000000000 196.00000000000000000
musicfont.bounds.PERCUSSION_CLEF.99=0.00000000000000000 -99.00000000000000000 151.26562500000000000 198.00000000000000000
musicfont.bounds.PERCUSSION_CLEF.100=0.00000000000000000 -100.00000000000000000 152.79687500000000000 200.00000000000000000
musicfont.bounds.PERCUSSION_CLEF.101=0.00000000000000000 -101.00000000000000000 154.32812500000000000 202.00000000000000000
musicfont.bounds.PERCUSSION_CLEF.102=0.00000000000000000 -102.00000000000000000 155.85937500000000000 204.00000000000000000
musicfont.bounds.PERCUSSION_CLEF.103=0.00000000000000000 -103.00000000000000000 157.39062500000000000 206.00000000000000000
musicfont.bounds.PERCUSSION_CLEF.104=0.00000000000000000 -104.00000000000000000 158.90625000000000000 208.00000000000000000
musicfont.bounds.PERCUSSION_CLEF.105=0.00000000000000000 -105.00000000000000000 160.43750000000000000 210.00000000000000000
musicfont.bounds.PERCUSSION_CLEF.106=0.00000000000000000 -106.00000000000000000 161.96875000000000000 212.00000000000000000
musicfont.bounds.PERCUSSION_CLEF.107=0.00000000000000000 -107.00000000000000000 163.50000000000000000 214.00000000000000000
musicfont.bounds.PERCUSSION_CLEF.108=0.00000000000000000 -108.00000000000000000 165.03125000000000000 216.00000000000000000
musicfont.bounds.PERCUSSION_CLEF.109=0.00000000000000000 -109.00000000000000000 166.54687500000000000 218.00000000000000000
musicfont.bounds.PERCUSSION_CLEF.110=0.00000000000000000 -110.00000000000000000 168.07812500000000000 220.00000000000000000
musicfont.bounds.PERCUSSION_CLEF.111=0.00000000000000000 -111.00000000000000000 169.60937500000000000 222.00000000000000000
musicfont.bounds.PERCUSSION_CLEF.112=0.00000000000000000 -112.00000000000000000 171.14062500000000000 224.00000000000000000
musicfont.bounds.PERCUSSION_CLEF.113=0.00000000000000000 -113.00000000000000000 172.65625000000000000 226.00000000000000000
musicfont.bounds.PERCUSSION_CLEF.114=0.00000000000000000 -114.00000000000000000 174.18750000000000000 228.00000000000000000
musicfont.bounds.PERCUSSION_CLEF.115=0.00000000000000000 -115.00000000000000000 175.71875000000000000 230.00000000000000000
musicfont.bounds.PERCUSSION_CLEF.116=0.00000000000000000 -116.00000000000000000 177.25000000000000000 232.00000000000000000
musicfont.bounds.PERCUSSION_CLEF.117=0.00000000000000000 -117.00000000000000000 178.78125000000000000 234.00000000000000000
musicfont.bounds.PERCUSSION_CLEF.118=0.00000000000000000 -118.00000000000000000 180.29687500000000000 236.00000000000000000
musicfont.bounds.PERCUSSION_CLEF.119=0.00000000000000000 -119.00000000000000000 181.82812500000000000 238.00000000000000000
musicfont.bounds.PERCUSSION_CLEF.120=0.00000000000000000 -120.00000000000000000 183.35937500000000000 240.00000000000000000
